Case #1: 32 2 2 2 2 2 3 3 1 1 1 1 1 1 1 1 1 1 1 1 1 1 1 1 1 1 1 1 1 1 1 1 1 
Case #2: 16 2 2 2 2 2 2 2 3 5 5 5 5 1 1 1 1 
Case #3: -1
Case #4: 20 2 3 3 7 11 1 1 1 1 1 1 1 1 1 1 1 1 1 1 1 
Case #5: 24 2 2 2 2 2 2 2 2 2 2 2 3 3 3 1 1 1 1 1 1 1 1 1 1 
Case #6: 26 2 2 2 2 2 2 2 3 7 1 1 1 1 1 1 1 1 1 1 1 1 1 1 1 1 1 
Case #7: -1
Case #8: -1
Case #9: 28 2 2 2 2 2 3 3 3 3 1 1 1 1 1 1 1 1 1 1 1 1 1 1 1 1 1 1 1 
Case #10: 24 2 2 2 2 2 2 2 3 3 3 3 3 1 1 1 1 1 1 1 1 1 1 1 1 
Case #11: 16 2 2 2 2 2 3 19 1 1 1 1 1 1 1 1 1 
Case #12: -1
Case #13: 23 2 2 2 2 2 2 2 2 2 2 5 5 1 1 1 1 1 1 1 1 1 1 1 
Case #14: 24 2 2 2 2 2 2 2 2 2 2 2 2 2 5 1 1 1 1 1 1 1 1 1 1 
Case #15: 19 3 3 3 3 3 3 3 3 3 5 1 1 1 1 1 1 1 1 1 
Case #16: -1
Case #17: 18 2 2 2 2 2 3 5 5 5 5 1 1 1 1 1 1 1 1 
Case #18: 12 2 2 2 2 2 2 2 3 11 11 1 1 
Case #19: 22 2 2 2 2 2 2 2 3 3 3 7 1 1 1 1 1 1 1 1 1 1 1 
Case #20: 16 2 2 2 2 2 3 3 5 13 1 1 1 1 1 1 1 
Case #21: -1
Case #22: 13 2 2 2 2 2 2 2 2 3 7 13 1 1 
Case #23: 36 2 2 2 3 1 1 1 1 1 1 1 1 1 1 1 1 1 1 1 1 1 1 1 1 1 1 1 1 1 1 1 1 1 1 1 1 
Case #24: -1
Case #25: -1
Case #26: 19 2 2 3 3 5 5 5 5 1 1 1 1 1 1 1 1 1 1 1 
Case #27: 21 2 2 3 3 3 3 11 1 1 1 1 1 1 1 1 1 1 1 1 1 1 
Case #28: -1
Case #29: 10 2 3 3 5 23 1 1 1 1 1 
Case #30: 12 2 3 3 3 3 3 5 5 11 1 1 1 
Case #31: 27 2 2 2 2 2 2 2 2 2 2 3 3 1 1 1 1 1 1 1 1 1 1 1 1 1 1 1 
Case #32: 20 2 2 2 2 2 3 3 3 11 1 1 1 1 1 1 1 1 1 1 1 
Case #33: 13 2 2 3 3 3 5 17 1 1 1 1 1 1 
Case #34: 12 2 2 2 2 2 3 5 7 7 7 1 1 
Case #35: 32 2 5 5 1 1 1 1 1 1 1 1 1 1 1 1 1 1 1 1 1 1 1 1 1 1 1 1 1 1 1 1 1 
Case #36: 9 2 2 2 2 3 11 17 1 1 
Case #37: 13 2 2 3 3 5 5 5 11 1 1 1 1 1 
Case #38: -1
Case #39: 23 2 2 2 2 2 2 2 2 2 2 3 3 5 1 1 1 1 1 1 1 1 1 1 
Case #40: 33 5 5 1 1 1 1 1 1 1 1 1 1 1 1 1 1 1 1 1 1 1 1 1 1 1 1 1 1 1 1 1 1 1 
Case #41: 18 2 2 2 2 2 2 2 2 2 2 2 2 2 3 5 5 1 1 
Case #42: 27 3 3 11 1 1 1 1 1 1 1 1 1 1 1 1 1 1 1 1 1 1 1 1 1 1 1 1 
Case #43: -1
Case #44: 21 2 2 3 5 5 5 5 1 1 1 1 1 1 1 1 1 1 1 1 1 1 
Case #45: 15 2 2 2 2 3 3 7 7 7 1 1 1 1 1 1 
Case #46: 16 2 2 2 3 3 3 3 3 3 3 3 3 5 1 1 1 
Case #47: 7 5 7 7 19 1 1 1 
Case #48: 21 2 2 2 2 3 3 3 3 5 5 1 1 1 1 1 1 1 1 1 1 1 
Case #49: 20 2 2 2 2 2 2 2 2 2 3 5 7 1 1 1 1 1 1 1 1 
Case #50: 11 2 2 2 2 3 7 7 7 7 1 1 
Case #51: -1
Case #52: 20 2 2 2 3 3 3 3 3 3 7 1 1 1 1 1 1 1 1 1 1 
Case #53: 14 2 3 3 3 5 5 7 7 1 1 1 1 1 1 
Case #54: 5 19 19 1 1 1 
Case #55: -1
Case #56: 18 2 3 3 3 7 11 1 1 1 1 1 1 1 1 1 1 1 1 
Case #57: 34 2 7 1 1 1 1 1 1 1 1 1 1 1 1 1 1 1 1 1 1 1 1 1 1 1 1 1 1 1 1 1 1 1 1 
Case #58: 17 2 2 2 2 5 5 5 5 5 1 1 1 1 1 1 1 1 
Case #59: 11 2 2 2 2 3 5 5 7 11 1 1 
Case #60: 10 2 3 3 3 5 11 11 1 1 1 
Case #61: -1
Case #62: 14 2 2 2 2 2 5 7 7 7 1 1 1 1 1 
Case #63: 21 2 2 2 2 2 2 2 2 2 2 2 2 2 2 3 3 3 1 1 1 1 
Case #64: 21 2 2 2 2 2 2 3 3 5 7 1 1 1 1 1 1 1 1 1 1 1 
Case #65: 5 37 1 1 1 1 
Case #66: -1
Case #67: 27 2 2 2 2 2 2 5 5 1 1 1 1 1 1 1 1 1 1 1 1 1 1 1 1 1 1 1 
Case #68: 21 2 2 2 2 3 3 3 3 3 3 5 1 1 1 1 1 1 1 1 1 1 
Case #69: 26 2 2 2 2 2 2 2 3 3 5 1 1 1 1 1 1 1 1 1 1 1 1 1 1 1 1 
Case #70: 18 2 2 2 3 3 3 5 5 7 1 1 1 1 1 1 1 1 1 
Case #71: 28 2 3 3 3 3 5 1 1 1 1 1 1 1 1 1 1 1 1 1 1 1 1 1 1 1 1 1 1 
Case #72: 35 2 2 3 3 1 1 1 1 1 1 1 1 1 1 1 1 1 1 1 1 1 1 1 1 1 1 1 1 1 1 1 1 1 1 1 
Case #73: 13 2 2 2 2 2 2 3 5 17 1 1 1 1 
Case #74: 19 2 2 2 2 2 2 2 2 3 5 5 5 1 1 1 1 1 1 1 
Case #75: 22 2 2 2 2 2 2 2 2 2 3 5 5 1 1 1 1 1 1 1 1 1 1 
Case #76: 21 3 3 5 5 5 5 1 1 1 1 1 1 1 1 1 1 1 1 1 1 1 
Case #77: 20 2 2 2 3 3 3 3 3 3 3 5 1 1 1 1 1 1 1 1 1 
Case #78: 17 2 2 23 1 1 1 1 1 1 1 1 1 1 1 1 1 1 
Case #79: 18 2 2 2 2 2 2 2 2 2 2 2 5 5 5 1 1 1 1 
Case #80: 17 2 2 2 2 2 2 2 2 3 5 5 7 1 1 1 1 1 
Case #81: 16 2 3 3 5 17 1 1 1 1 1 1 1 1 1 1 1 
Case #82: 18 2 2 2 2 2 2 2 3 3 5 5 5 1 1 1 1 1 1 
Case #83: 16 2 2 2 3 3 3 3 5 11 1 1 1 1 1 1 1 
Case #84: 16 2 2 2 3 3 3 5 7 7 1 1 1 1 1 1 1 
Case #85: 22 2 2 2 2 2 3 3 5 7 1 1 1 1 1 1 1 1 1 1 1 1 1 
Case #86: 22 2 2 2 2 2 2 2 2 2 3 3 3 3 3 1 1 1 1 1 1 1 1 
Case #87: 10 2 3 3 5 11 13 1 1 1 1 
Case #88: 24 2 2 2 2 2 2 2 2 2 2 2 7 1 1 1 1 1 1 1 1 1 1 1 1 
Case #89: -1
Case #90: -1
Case #91: 17 2 2 3 3 5 5 11 1 1 1 1 1 1 1 1 1 1 
Case #92: 24 2 3 3 3 5 7 1 1 1 1 1 1 1 1 1 1 1 1 1 1 1 1 1 1 
Case #93: -1
Case #94: 16 2 2 2 3 3 3 3 3 5 5 5 1 1 1 1 1 
Case #95: 17 2 2 2 2 3 3 3 3 3 3 3 7 1 1 1 1 1 
Case #96: 23 2 2 2 2 2 2 2 2 2 2 2 2 3 3 3 1 1 1 1 1 1 1 1 
Case #97: 26 2 2 2 3 3 3 3 5 1 1 1 1 1 1 1 1 1 1 1 1 1 1 1 1 1 1 
Case #98: 24 2 3 3 3 3 5 5 1 1 1 1 1 1 1 1 1 1 1 1 1 1 1 1 1 
Case #99: -1
Case #100: 28 2 3 11 1 1 1 1 1 1 1 1 1 1 1 1 1 1 1 1 1 1 1 1 1 1 1 1 1 
Case #101: 25 3 3 3 3 3 7 1 1 1 1 1 1 1 1 1 1 1 1 1 1 1 1 1 1 1 
Case #102: 21 2 2 2 2 5 5 5 5 1 1 1 1 1 1 1 1 1 1 1 1 1 
Case #103: 24 2 3 3 3 3 3 3 5 1 1 1 1 1 1 1 1 1 1 1 1 1 1 1 1 
Case #104: 13 2 2 3 3 3 5 7 11 1 1 1 1 1 
Case #105: 11 2 2 2 2 3 5 5 5 13 1 1 
Case #106: 21 2 2 3 3 3 3 5 7 1 1 1 1 1 1 1 1 1 1 1 1 1 
Case #107: -1
Case #108: 9 2 2 31 1 1 1 1 1 1 
Case #109: 26 2 2 2 2 2 2 2 2 2 2 2 3 3 1 1 1 1 1 1 1 1 1 1 1 1 1 
Case #110: 18 2 2 2 3 3 3 3 3 11 1 1 1 1 1 1 1 1 1 
Case #111: 15 2 2 2 2 3 5 5 5 5 5 1 1 1 1 1 
Case #112: -1
Case #113: 24 2 2 2 2 2 3 3 3 3 3 3 1 1 1 1 1 1 1 1 1 1 1 1 1 
Case #114: -1
Case #115: -1
Case #116: 18 2 2 2 3 3 5 13 1 1 1 1 1 1 1 1 1 1 1 
Case #117: -1
Case #118: 14 2 2 2 2 2 3 3 3 17 1 1 1 1 1 
Case #119: -1
Case #120: 8 2 2 2 3 7 23 1 1 
Case #121: -1
Case #122: -1
Case #123: 13 29 1 1 1 1 1 1 1 1 1 1 1 1 
Case #124: 23 2 2 3 3 7 7 1 1 1 1 1 1 1 1 1 1 1 1 1 1 1 1 1 
Case #125: 17 2 2 2 2 2 2 3 3 5 5 7 1 1 1 1 1 1 
Case #126: 11 2 2 2 2 2 2 3 5 19 1 1 
Case #127: 32 2 3 3 5 1 1 1 1 1 1 1 1 1 1 1 1 1 1 1 1 1 1 1 1 1 1 1 1 1 1 1 1 
Case #128: 33 2 2 3 5 1 1 1 1 1 1 1 1 1 1 1 1 1 1 1 1 1 1 1 1 1 1 1 1 1 1 1 1 1 
Case #129: 20 2 2 2 2 2 2 2 2 2 2 2 3 3 7 1 1 1 1 1 1 
Case #130: 17 2 2 2 2 2 2 2 2 3 3 13 1 1 1 1 1 1 
Case #131: -1
Case #132: 18 2 2 2 3 3 5 5 5 5 1 1 1 1 1 1 1 1 1 
Case #133: 21 2 2 3 3 5 5 7 1 1 1 1 1 1 1 1 1 1 1 1 1 1 
Case #134: 24 2 2 2 2 2 3 11 1 1 1 1 1 1 1 1 1 1 1 1 1 1 1 1 1 
Case #135: 16 2 3 3 3 7 13 1 1 1 1 1 1 1 1 1 1 
Case #136: 25 2 2 2 2 2 2 2 2 2 2 2 2 2 2 2 2 1 1 1 1 1 1 1 1 1 
Case #137: 25 2 2 3 3 11 1 1 1 1 1 1 1 1 1 1 1 1 1 1 1 1 1 1 1 1 
Case #138: 16 2 2 2 2 2 2 2 3 3 3 3 5 7 1 1 1 
Case #139: -1
Case #140: 17 2 2 3 3 7 7 7 1 1 1 1 1 1 1 1 1 1 
Case #141: 16 2 2 2 3 3 5 5 11 1 1 1 1 1 1 1 1 
Case #142: -1
Case #143: 11 2 2 2 2 2 2 3 7 17 1 1 
Case #144: 21 2 2 2 2 2 2 2 2 2 2 11 1 1 1 1 1 1 1 1 1 1 
Case #145: 22 2 2 2 2 2 3 7 7 1 1 1 1 1 1 1 1 1 1 1 1 1 1 
Case #146: 16 2 2 2 2 2 3 3 3 3 3 3 5 5 1 1 1 
Case #147: 19 2 2 2 2 2 2 3 3 3 3 3 7 1 1 1 1 1 1 1 
Case #148: 23 2 2 2 2 3 5 5 5 1 1 1 1 1 1 1 1 1 1 1 1 1 1 1 
Case #149: 14 2 2 2 2 2 2 2 2 2 3 5 13 1 1 
Case #150: -1
Case #151: -1
Case #152: 23 2 2 2 2 2 2 3 5 7 1 1 1 1 1 1 1 1 1 1 1 1 1 1 
Case #153: -1
Case #154: 18 2 2 2 2 2 2 2 2 2 2 2 3 3 5 5 1 1 1 
Case #155: 17 2 2 3 3 3 5 5 5 5 1 1 1 1 1 1 1 1 
Case #156: 30 2 3 3 7 1 1 1 1 1 1 1 1 1 1 1 1 1 1 1 1 1 1 1 1 1 1 1 1 1 1 
Case #157: 19 2 2 2 2 2 2 3 3 5 5 5 1 1 1 1 1 1 1 1 
Case #158: 15 2 2 3 3 5 7 11 1 1 1 1 1 1 1 1 
Case #159: 5 3 17 19 1 1 
Case #160: 29 2 2 11 1 1 1 1 1 1 1 1 1 1 1 1 1 1 1 1 1 1 1 1 1 1 1 1 1 1 
Case #161: 21 2 2 2 2 2 2 2 2 2 2 3 3 7 1 1 1 1 1 1 1 1 
Case #162: 14 2 2 2 3 3 3 3 5 13 1 1 1 1 1 
Case #163: 15 2 2 2 2 2 2 2 2 3 5 13 1 1 1 1 
Case #164: -1
Case #165: 15 2 2 3 3 3 3 3 3 7 7 1 1 1 1 1 
Case #166: -1
Case #167: 16 2 2 2 2 2 3 3 5 5 5 5 1 1 1 1 1 
Case #168: 23 2 2 3 3 3 5 7 1 1 1 1 1 1 1 1 1 1 1 1 1 1 1 1 
Case #169: 17 2 2 3 3 3 3 5 5 7 1 1 1 1 1 1 1 1 
Case #170: 17 2 2 3 3 3 5 7 7 1 1 1 1 1 1 1 1 1 
Case #171: -1
Case #172: 29 2 2 2 2 2 2 7 1 1 1 1 1 1 1 1 1 1 1 1 1 1 1 1 1 1 1 1 1 1 
Case #173: 27 2 2 3 5 7 1 1 1 1 1 1 1 1 1 1 1 1 1 1 1 1 1 1 1 1 1 1 
Case #174: 24 2 17 1 1 1 1 1 1 1 1 1 1 1 1 1 1 1 1 1 1 1 1 1 1 
Case #175: 8 2 2 2 3 13 17 1 1 
Case #176: 15 2 2 2 2 2 2 2 2 3 3 5 11 1 1 1 
Case #177: 17 2 2 2 2 2 2 3 3 3 3 11 1 1 1 1 1 1 
Case #178: 24 2 2 2 3 3 3 5 5 1 1 1 1 1 1 1 1 1 1 1 1 1 1 1 1 
Case #179: 21 2 2 2 2 3 3 7 7 1 1 1 1 1 1 1 1 1 1 1 1 1 
Case #180: -1
Case #181: 31 2 2 2 2 7 1 1 1 1 1 1 1 1 1 1 1 1 1 1 1 1 1 1 1 1 1 1 1 1 1 1 
Case #182: 27 2 2 2 2 2 2 2 2 2 2 2 2 3 1 1 1 1 1 1 1 1 1 1 1 1 1 1 
Case #183: 25 2 2 3 3 3 3 3 3 3 1 1 1 1 1 1 1 1 1 1 1 1 1 1 1 1 
Case #184: -1
Case #185: 20 2 5 17 1 1 1 1 1 1 1 1 1 1 1 1 1 1 1 1 1 
Case #186: 26 2 2 2 3 3 3 7 1 1 1 1 1 1 1 1 1 1 1 1 1 1 1 1 1 1 1 
Case #187: 13 2 2 3 3 3 3 5 5 11 1 1 1 1 
Case #188: 16 2 2 2 2 2 2 2 3 3 5 11 1 1 1 1 1 
Case #189: -1
Case #190: 23 2 2 2 2 2 2 2 2 2 2 3 7 1 1 1 1 1 1 1 1 1 1 1 
Case #191: 20 2 2 2 3 3 3 5 5 5 1 1 1 1 1 1 1 1 1 1 1 
Case #192: 12 2 3 3 5 5 5 7 7 1 1 1 1 
Case #193: 14 2 2 2 5 5 5 7 7 1 1 1 1 1 1 
Case #194: 20 2 2 2 2 2 2 2 5 11 1 1 1 1 1 1 1 1 1 1 1 
Case #195: 18 2 2 2 2 2 3 3 3 3 11 1 1 1 1 1 1 1 1 
Case #196: 14 2 2 2 3 3 3 3 5 5 5 5 1 1 1 
Case #197: 30 2 11 1 1 1 1 1 1 1 1 1 1 1 1 1 1 1 1 1 1 1 1 1 1 1 1 1 1 1 1 
Case #198: 22 2 3 3 3 5 5 5 1 1 1 1 1 1 1 1 1 1 1 1 1 1 1 
Case #199: 17 2 2 3 3 3 3 5 11 1 1 1 1 1 1 1 1 1 
Case #200: 21 2 2 2 2 2 2 2 2 2 2 2 2 2 2 2 2 2 2 2 2 1 
Case #201: 28 2 2 2 11 1 1 1 1 1 1 1 1 1 1 1 1 1 1 1 1 1 1 1 1 1 1 1 1 
Case #202: 26 2 2 2 2 2 2 2 3 3 3 3 1 1 1 1 1 1 1 1 1 1 1 1 1 1 1 
Case #203: 18 2 2 2 2 2 3 7 11 1 1 1 1 1 1 1 1 1 1 
Case #204: 14 2 2 2 2 2 2 2 2 2 3 7 11 1 1 
Case #205: 16 2 2 2 2 2 2 2 3 5 7 7 1 1 1 1 1 
Case #206: -1
Case #207: 16 2 2 2 2 2 2 2 5 5 5 7 1 1 1 1 1 
Case #208: 11 2 2 2 2 2 2 3 11 13 1 1 
Case #209: -1
Case #210: 10 2 3 3 5 7 7 11 1 1 1 
Case #211: 29 3 3 3 3 5 1 1 1 1 1 1 1 1 1 1 1 1 1 1 1 1 1 1 1 1 1 1 1 1 
Case #212: -1
Case #213: 14 2 2 2 2 2 3 3 3 3 5 11 1 1 1 
Case #214: 13 2 2 2 2 3 3 5 5 7 7 1 1 1 
Case #215: 24 2 2 2 3 3 3 3 7 1 1 1 1 1 1 1 1 1 1 1 1 1 1 1 1 
Case #216: 25 2 2 2 2 2 2 2 2 3 3 3 3 1 1 1 1 1 1 1 1 1 1 1 1 1 
Case #217: 13 2 2 2 2 2 2 5 7 13 1 1 1 1 
Case #218: 19 2 2 2 2 2 2 2 2 2 2 2 2 3 5 5 1 1 1 1 
Case #219: 17 3 23 1 1 1 1 1 1 1 1 1 1 1 1 1 1 1 
Case #220: 22 2 2 2 2 2 2 2 2 2 3 3 7 1 1 1 1 1 1 1 1 1 1 
Case #221: 31 2 2 3 7 1 1 1 1 1 1 1 1 1 1 1 1 1 1 1 1 1 1 1 1 1 1 1 1 1 1 1 
Case #222: 21 2 2 2 2 3 3 3 3 3 7 1 1 1 1 1 1 1 1 1 1 1 
Case #223: 20 2 2 2 3 3 5 11 1 1 1 1 1 1 1 1 1 1 1 1 1 
Case #224: 20 2 2 2 2 2 2 2 2 2 2 2 2 2 2 2 3 5 1 1 1 
Case #225: 28 2 2 2 2 2 2 2 2 2 2 2 3 1 1 1 1 1 1 1 1 1 1 1 1 1 1 1 1 
Case #226: 20 2 2 2 2 2 2 2 2 2 2 2 2 2 3 3 5 1 1 1 1 
Case #227: 18 2 2 2 2 2 2 2 2 2 3 7 7 1 1 1 1 1 1 
Case #228: 16 2 3 5 7 13 1 1 1 1 1 1 1 1 1 1 1 
Case #229: 23 2 2 2 2 2 2 3 3 3 3 5 1 1 1 1 1 1 1 1 1 1 1 1 
Case #230: 22 2 2 2 3 3 3 11 1 1 1 1 1 1 1 1 1 1 1 1 1 1 1 
Case #231: 26 2 3 13 1 1 1 1 1 1 1 1 1 1 1 1 1 1 1 1 1 1 1 1 1 1 1 
Case #232: 24 2 2 2 2 2 2 2 2 2 3 7 1 1 1 1 1 1 1 1 1 1 1 1 1 
Case #233: 24 2 2 2 2 2 2 2 3 3 3 5 1 1 1 1 1 1 1 1 1 1 1 1 1 
Case #234: 18 2 2 2 2 2 2 2 2 2 5 5 7 1 1 1 1 1 1 
Case #235: 20 2 2 2 2 2 2 2 2 2 2 2 3 5 5 1 1 1 1 1 1 
Case #236: 14 2 2 2 3 3 3 5 5 11 1 1 1 1 1 
Case #237: -1
Case #238: 18 2 2 2 2 2 3 3 3 3 3 3 3 5 1 1 1 1 1 
Case #239: 3 11 13 17 
Case #240: 22 2 2 2 2 2 2 2 2 2 2 2 2 2 2 2 3 3 1 1 1 1 1 
Case #241: 19 2 2 2 2 2 2 2 2 3 3 3 3 3 5 1 1 1 1 1 
Case #242: -1
Case #243: 20 2 2 2 2 2 2 2 2 2 2 2 2 2 3 7 1 1 1 1 1 
Case #244: 34 2 3 5 1 1 1 1 1 1 1 1 1 1 1 1 1 1 1 1 1 1 1 1 1 1 1 1 1 1 1 1 1 1 1 
Case #245: 28 2 2 2 2 2 2 2 2 2 3 3 1 1 1 1 1 1 1 1 1 1 1 1 1 1 1 1 1 
Case #246: 15 2 2 2 2 3 3 3 3 5 5 7 1 1 1 1 
Case #247: 26 2 2 2 2 2 2 2 2 2 7 1 1 1 1 1 1 1 1 1 1 1 1 1 1 1 1 
Case #248: 14 2 3 3 3 3 3 5 13 1 1 1 1 1 1 
Case #249: 15 2 2 2 2 5 19 1 1 1 1 1 1 1 1 1 
Case #250: 10 2 2 2 3 5 5 7 13 1 1 
Case #251: 20 2 2 2 2 2 2 2 2 2 3 3 3 7 1 1 1 1 1 1 1 
Case #252: 31 3 3 7 1 1 1 1 1 1 1 1 1 1 1 1 1 1 1 1 1 1 1 1 1 1 1 1 1 1 1 1 
Case #253: 28 2 2 2 2 2 3 3 5 1 1 1 1 1 1 1 1 1 1 1 1 1 1 1 1 1 1 1 1 
Case #254: 22 2 2 2 3 3 3 3 3 3 5 1 1 1 1 1 1 1 1 1 1 1 1 
Case #255: 23 2 2 2 2 2 2 3 3 3 7 1 1 1 1 1 1 1 1 1 1 1 1 1 
Case #256: 25 2 2 2 2 2 2 3 3 3 3 3 1 1 1 1 1 1 1 1 1 1 1 1 1 1 
Case #257: 14 2 2 2 5 5 7 11 1 1 1 1 1 1 1 
Case #258: 20 2 3 3 3 3 7 7 1 1 1 1 1 1 1 1 1 1 1 1 1 
Case #259: 19 2 2 3 3 3 3 3 3 3 3 5 1 1 1 1 1 1 1 1 
Case #260: 15 2 2 2 2 3 3 3 3 3 13 1 1 1 1 1 
Case #261: -1
Case #262: 19 2 2 2 2 3 3 3 5 5 5 1 1 1 1 1 1 1 1 1 
Case #263: 16 2 2 2 2 2 2 2 2 2 3 5 11 1 1 1 1 
Case #264: 8 2 2 2 3 29 1 1 1 
Case #265: 20 2 2 2 2 2 3 3 3 3 3 7 1 1 1 1 1 1 1 1 1 
Case #266: 24 2 3 3 3 3 3 3 3 3 1 1 1 1 1 1 1 1 1 1 1 1 1 1 1 
Case #267: 26 2 2 2 2 2 3 3 7 1 1 1 1 1 1 1 1 1 1 1 1 1 1 1 1 1 1 
Case #268: -1
Case #269: 23 2 2 2 2 2 2 2 2 3 3 3 3 3 1 1 1 1 1 1 1 1 1 1 
Case #270: 14 2 2 2 2 2 2 2 3 19 1 1 1 1 1 
Case #271: -1
Case #272: 19 2 2 2 2 3 3 3 3 3 5 5 1 1 1 1 1 1 1 1 
Case #273: 23 2 2 2 2 2 2 2 2 2 2 2 2 2 2 3 3 1 1 1 1 1 1 1 
Case #274: 21 2 2 5 5 11 1 1 1 1 1 1 1 1 1 1 1 1 1 1 1 1 
Case #275: 22 2 2 2 2 2 2 2 2 2 2 2 2 2 2 2 2 2 2 2 1 1 1 
Case #276: -1
Case #277: 16 2 2 2 3 3 7 7 7 1 1 1 1 1 1 1 1 
Case #278: 37 3 3 1 1 1 1 1 1 1 1 1 1 1 1 1 1 1 1 1 1 1 1 1 1 1 1 1 1 1 1 1 1 1 1 1 1 1 
Case #279: 18 2 3 5 7 11 1 1 1 1 1 1 1 1 1 1 1 1 1 
Case #280: 29 2 2 2 2 2 2 3 3 3 1 1 1 1 1 1 1 1 1 1 1 1 1 1 1 1 1 1 1 1 
Case #281: 20 2 2 2 2 2 2 2 3 3 3 3 3 5 1 1 1 1 1 1 1 
Case #282: 15 2 2 2 2 2 2 3 5 5 5 7 1 1 1 1 
Case #283: 17 2 2 2 2 3 3 3 3 3 3 3 3 5 1 1 1 1 
Case #284: 18 2 2 2 2 2 2 2 3 3 3 3 3 7 1 1 1 1 1 
Case #285: 16 2 2 2 2 2 3 3 3 5 11 1 1 1 1 1 1 
Case #286: -1
Case #287: 16 2 2 2 2 2 2 2 3 3 3 7 7 1 1 1 1 
Case #288: 19 2 2 2 2 2 2 2 2 3 3 3 5 5 1 1 1 1 1 1 
Case #289: 17 2 2 2 2 3 3 3 5 5 7 1 1 1 1 1 1 1 
Case #290: 16 2 2 2 3 3 3 3 3 3 5 7 1 1 1 1 1 
Case #291: 22 2 3 3 3 3 3 3 3 5 1 1 1 1 1 1 1 1 1 1 1 1 1 
Case #292: 13 2 2 3 3 5 7 7 7 1 1 1 1 1 
Case #293: 19 2 2 2 2 2 2 3 3 3 3 5 5 1 1 1 1 1 1 1 
Case #294: 21 2 2 3 3 3 5 5 5 1 1 1 1 1 1 1 1 1 1 1 1 1 
Case #295: 20 2 2 2 2 2 3 3 3 5 7 1 1 1 1 1 1 1 1 1 1 
Case #296: 22 2 2 2 2 2 2 2 3 5 7 1 1 1 1 1 1 1 1 1 1 1 1 
Case #297: 11 3 29 1 1 1 1 1 1 1 1 1 
Case #298: 18 2 2 2 2 2 2 2 3 5 5 7 1 1 1 1 1 1 1 
Case #299: 3 3 37 1 
Case #300: 12 2 2 2 3 5 5 5 5 5 5 1 1 
Case #301: 25 2 2 2 2 2 2 2 2 2 2 2 2 3 3 1 1 1 1 1 1 1 1 1 1 1 
Case #302: 16 2 2 2 2 2 3 3 3 3 3 11 1 1 1 1 1 
Case #303: 20 2 2 2 2 2 5 5 5 5 1 1 1 1 1 1 1 1 1 1 1 
Case #304: -1
Case #305: 4 2 37 1 1 
Case #306: -1
Case #307: 14 2 2 2 3 3 3 7 7 7 1 1 1 1 1 
Case #308: 12 2 3 3 3 3 5 5 7 7 1 1 1 
Case #309: -1
Case #310: 21 2 2 19 1 1 1 1 1 1 1 1 1 1 1 1 1 1 1 1 1 1 
Case #311: -1
Case #312: 15 2 2 2 2 2 2 3 3 3 5 5 7 1 1 1 
Case #313: 17 2 2 2 2 3 3 3 3 5 5 5 1 1 1 1 1 1 
Case #314: 23 3 17 1 1 1 1 1 1 1 1 1 1 1 1 1 1 1 1 1 1 1 1 1 
Case #315: -1
Case #316: 35 2 2 2 2 2 2 1 1 1 1 1 1 1 1 1 1 1 1 1 1 1 1 1 1 1 1 1 1 1 1 1 1 1 1 1 
Case #317: -1
Case #318: 26 2 2 2 2 2 2 2 2 2 2 2 2 2 2 2 1 1 1 1 1 1 1 1 1 1 1 
Case #319: 14 2 2 2 3 5 5 5 5 7 1 1 1 1 1 
Case #320: 15 2 2 2 2 2 2 3 3 5 5 5 5 1 1 1 
Case #321: 18 2 2 2 3 3 3 3 3 3 3 3 3 3 1 1 1 1 1 
Case #322: 12 2 3 3 5 5 5 13 1 1 1 1 1 
Case #323: 15 2 2 2 2 3 3 3 3 3 3 5 7 1 1 1 
Case #324: 19 2 2 3 3 5 13 1 1 1 1 1 1 1 1 1 1 1 1 1 
Case #325: 21 2 2 3 3 3 3 3 3 3 5 1 1 1 1 1 1 1 1 1 1 1 
Case #326: 14 2 2 2 2 2 3 5 5 5 5 5 1 1 1 
Case #327: 17 2 2 2 2 2 2 3 3 5 11 1 1 1 1 1 1 1 
Case #328: 39 2 2 1 1 1 1 1 1 1 1 1 1 1 1 1 1 1 1 1 1 1 1 1 1 1 1 1 1 1 1 1 1 1 1 1 1 1 1 1 
Case #329: 37 5 1 1 1 1 1 1 1 1 1 1 1 1 1 1 1 1 1 1 1 1 1 1 1 1 1 1 1 1 1 1 1 1 1 1 1 1 
Case #330: 16 2 2 2 2 2 3 3 3 3 5 5 5 1 1 1 1 
Case #331: 20 2 2 2 2 2 2 2 3 3 3 5 5 1 1 1 1 1 1 1 1 
Case #332: 14 2 2 2 3 3 5 5 13 1 1 1 1 1 1 
Case #333: 15 2 2 2 2 3 5 5 7 7 1 1 1 1 1 1 
Case #334: 22 2 2 2 2 2 3 5 5 5 1 1 1 1 1 1 1 1 1 1 1 1 1 
Case #335: 16 2 2 2 2 2 3 3 3 5 5 7 1 1 1 1 1 
Case #336: 26 2 2 2 3 3 5 5 1 1 1 1 1 1 1 1 1 1 1 1 1 1 1 1 1 1 1 
Case #337: 18 2 2 2 2 2 2 2 5 13 1 1 1 1 1 1 1 1 1 
Case #338: 23 2 2 3 3 3 3 5 5 1 1 1 1 1 1 1 1 1 1 1 1 1 1 1 
Case #339: 12 2 2 2 3 3 3 5 5 13 1 1 1 
Case #340: 13 2 2 3 3 3 3 7 13 1 1 1 1 1 
Case #341: 29 3 11 1 1 1 1 1 1 1 1 1 1 1 1 1 1 1 1 1 1 1 1 1 1 1 1 1 1 1 
Case #342: 34 2 2 2 2 2 3 1 1 1 1 1 1 1 1 1 1 1 1 1 1 1 1 1 1 1 1 1 1 1 1 1 1 1 1 
Case #343: 23 7 13 1 1 1 1 1 1 1 1 1 1 1 1 1 1 1 1 1 1 1 1 1 
Case #344: 21 2 2 2 2 2 2 2 2 2 2 3 3 3 5 1 1 1 1 1 1 1 
Case #345: 17 2 2 2 2 2 2 2 2 2 2 3 3 5 7 1 1 1 
Case #346: 34 2 2 2 3 3 1 1 1 1 1 1 1 1 1 1 1 1 1 1 1 1 1 1 1 1 1 1 1 1 1 1 1 1 1 
Case #347: 10 2 3 3 3 3 5 19 1 1 1 
Case #348: 15 2 2 3 3 3 5 5 11 1 1 1 1 1 1 1 
Case #349: 14 2 2 2 2 2 3 5 5 13 1 1 1 1 1 
Case #350: 17 2 2 3 3 3 3 3 7 7 1 1 1 1 1 1 1 1 
Case #351: -1
Case #352: 20 2 2 2 3 3 3 3 3 3 3 3 3 1 1 1 1 1 1 1 1 
Case #353: 29 5 5 5 1 1 1 1 1 1 1 1 1 1 1 1 1 1 1 1 1 1 1 1 1 1 1 1 1 1 
Case #354: 21 2 2 2 2 2 2 2 2 3 3 3 7 1 1 1 1 1 1 1 1 1 
Case #355: 17 2 2 2 2 2 2 3 5 7 7 1 1 1 1 1 1 1 
Case #356: 26 2 2 2 2 2 3 3 3 5 1 1 1 1 1 1 1 1 1 1 1 1 1 1 1 1 1 
Case #357: 31 2 2 2 2 2 2 2 2 3 1 1 1 1 1 1 1 1 1 1 1 1 1 1 1 1 1 1 1 1 1 1 
Case #358: 24 2 2 2 2 2 2 2 2 2 2 2 2 2 3 3 1 1 1 1 1 1 1 1 1 
Case #359: 13 2 2 5 5 7 13 1 1 1 1 1 1 1 
Case #360: 17 2 2 2 2 3 19 1 1 1 1 1 1 1 1 1 1 1 
Case #361: 34 2 2 2 5 1 1 1 1 1 1 1 1 1 1 1 1 1 1 1 1 1 1 1 1 1 1 1 1 1 1 1 1 1 1 
Case #362: 20 2 3 7 13 1 1 1 1 1 1 1 1 1 1 1 1 1 1 1 1 
Case #363: 11 2 2 2 2 3 3 11 13 1 1 1 
Case #364: 33 2 2 2 2 2 2 3 1 1 1 1 1 1 1 1 1 1 1 1 1 1 1 1 1 1 1 1 1 1 1 1 1 1 
Case #365: 17 2 2 2 2 2 2 3 3 3 3 3 5 5 1 1 1 1 
Case #366: 15 2 2 3 3 3 3 3 5 5 7 1 1 1 1 1 
Case #367: -1
Case #368: -1
Case #369: 15 2 2 2 2 2 2 3 3 3 5 11 1 1 1 1 
Case #370: -1
Case #371: 29 2 2 3 3 3 5 1 1 1 1 1 1 1 1 1 1 1 1 1 1 1 1 1 1 1 1 1 1 1 
Case #372: -1
Case #373: 20 2 2 2 2 2 2 2 3 7 7 1 1 1 1 1 1 1 1 1 1 
Case #374: 19 2 2 2 2 3 3 3 3 5 7 1 1 1 1 1 1 1 1 1 
Case #375: -1
Case #376: 24 2 2 2 3 3 11 1 1 1 1 1 1 1 1 1 1 1 1 1 1 1 1 1 1 
Case #377: 23 2 2 2 2 3 3 3 3 3 5 1 1 1 1 1 1 1 1 1 1 1 1 1 
Case #378: 19 2 2 2 2 2 2 2 2 3 3 5 7 1 1 1 1 1 1 1 
Case #379: 15 2 2 2 2 3 3 3 3 3 5 5 5 1 1 1 
Case #380: 12 2 2 2 2 2 2 2 3 5 17 1 1 
Case #381: 26 2 2 2 2 2 3 5 5 1 1 1 1 1 1 1 1 1 1 1 1 1 1 1 1 1 1 
Case #382: 19 2 2 2 2 2 2 2 2 5 5 7 1 1 1 1 1 1 1 1 
Case #383: 19 2 2 2 2 2 2 3 3 3 5 7 1 1 1 1 1 1 1 1 
Case #384: 31 2 2 2 2 2 2 5 1 1 1 1 1 1 1 1 1 1 1 1 1 1 1 1 1 1 1 1 1 1 1 1 
Case #385: 27 2 2 2 2 3 3 3 3 3 1 1 1 1 1 1 1 1 1 1 1 1 1 1 1 1 1 1 
Case #386: -1
Case #387: 25 3 3 7 7 1 1 1 1 1 1 1 1 1 1 1 1 1 1 1 1 1 1 1 1 1 
Case #388: 20 2 2 2 3 3 3 3 3 5 5 1 1 1 1 1 1 1 1 1 1 
Case #389: 23 2 2 2 2 2 2 2 2 2 2 2 2 2 2 5 1 1 1 1 1 1 1 1 
Case #390: -1
Case #391: 20 2 2 2 2 2 2 2 3 3 11 1 1 1 1 1 1 1 1 1 1 
Case #392: 12 2 2 2 3 7 7 7 7 1 1 1 1 
Case #393: 18 2 2 2 3 3 3 3 3 3 3 3 5 1 1 1 1 1 1 
Case #394: -1
Case #395: 17 2 2 3 5 7 11 1 1 1 1 1 1 1 1 1 1 1 
Case #396: 18 2 3 3 3 3 3 3 3 3 3 5 1 1 1 1 1 1 1 
Case #397: 19 2 2 2 2 3 3 3 3 3 3 7 1 1 1 1 1 1 1 1 
Case #398: 15 2 2 2 2 2 2 3 3 5 13 1 1 1 1 1 
Case #399: 16 2 2 2 2 2 2 2 2 2 2 2 3 7 7 1 1 
Case #400: 21 2 2 2 2 2 2 2 2 2 2 2 2 3 7 1 1 1 1 1 1 1 
Case #401: 15 2 2 2 2 3 3 3 5 13 1 1 1 1 1 1 
Case #402: 21 2 2 2 2 2 2 3 3 3 3 3 5 1 1 1 1 1 1 1 1 1 
Case #403: 23 2 2 2 2 3 7 7 1 1 1 1 1 1 1 1 1 1 1 1 1 1 1 1 
Case #404: 23 2 2 3 3 3 3 3 7 1 1 1 1 1 1 1 1 1 1 1 1 1 1 1 
Case #405: 31 2 2 2 2 2 2 3 3 1 1 1 1 1 1 1 1 1 1 1 1 1 1 1 1 1 1 1 1 1 1 1 
Case #406: -1
Case #407: 7 5 5 11 17 1 1 1 
Case #408: 13 2 2 3 3 3 5 5 7 7 1 1 1 1 
Case #409: 12 2 3 3 3 5 5 5 5 7 1 1 1 
Case #410: 20 2 2 2 2 2 2 2 2 2 3 3 3 3 3 3 1 1 1 1 1 
Case #411: -1
Case #412: 35 3 5 1 1 1 1 1 1 1 1 1 1 1 1 1 1 1 1 1 1 1 1 1 1 1 1 1 1 1 1 1 1 1 1 1 
Case #413: 17 2 2 2 2 3 3 5 7 7 1 1 1 1 1 1 1 1 
Case #414: -1
Case #415: 23 2 2 2 2 2 2 2 2 2 2 2 2 3 5 1 1 1 1 1 1 1 1 1 
Case #416: 18 2 2 2 2 2 2 2 2 2 3 3 3 5 5 1 1 1 1 
Case #417: -1
Case #418: -1
Case #419: 15 2 2 2 2 2 2 3 5 5 11 1 1 1 1 1 
Case #420: 21 2 2 2 2 2 2 2 2 2 2 2 2 2 2 3 5 1 1 1 1 1 
Case #421: 19 2 2 3 3 3 5 11 1 1 1 1 1 1 1 1 1 1 1 1 
Case #422: 32 2 2 2 3 5 1 1 1 1 1 1 1 1 1 1 1 1 1 1 1 1 1 1 1 1 1 1 1 1 1 1 1 
Case #423: -1
Case #424: 12 2 2 2 3 3 5 5 5 11 1 1 1 
Case #425: 22 2 2 2 3 3 7 7 1 1 1 1 1 1 1 1 1 1 1 1 1 1 1 
Case #426: 23 2 2 2 2 2 2 2 2 2 2 2 2 2 2 2 2 3 1 1 1 1 1 1 
Case #427: 29 2 2 2 2 2 2 2 2 2 2 3 1 1 1 1 1 1 1 1 1 1 1 1 1 1 1 1 1 1 
Case #428: 18 2 2 2 2 2 2 2 2 2 3 3 3 3 3 5 1 1 1 
Case #429: 15 2 2 3 3 3 3 3 3 3 5 7 1 1 1 1 
Case #430: 14 2 3 3 5 5 5 5 7 1 1 1 1 1 1 
Case #431: 21 2 2 2 2 2 2 3 5 5 5 1 1 1 1 1 1 1 1 1 1 1 
Case #432: 10 2 3 3 5 7 17 1 1 1 1 
Case #433: 22 2 2 2 3 3 3 5 7 1 1 1 1 1 1 1 1 1 1 1 1 1 1 
Case #434: 14 2 2 2 2 2 2 2 3 3 5 13 1 1 1 
Case #435: 22 2 2 2 2 2 2 2 2 2 2 2 2 2 3 5 1 1 1 1 1 1 1 
Case #436: 25 2 2 2 2 3 3 3 3 3 3 1 1 1 1 1 1 1 1 1 1 1 1 1 1 1 
Case #437: 10 2 3 3 5 5 7 13 1 1 1 
Case #438: 23 2 2 17 1 1 1 1 1 1 1 1 1 1 1 1 1 1 1 1 1 1 1 1 
Case #439: 18 2 2 2 2 2 2 2 2 2 3 5 5 5 1 1 1 1 1 
Case #440: 30 2 5 7 1 1 1 1 1 1 1 1 1 1 1 1 1 1 1 1 1 1 1 1 1 1 1 1 1 1 1 
Case #441: 17 2 2 3 3 3 3 3 3 11 1 1 1 1 1 1 1 1 
Case #442: 17 2 2 2 2 2 2 3 5 5 5 5 1 1 1 1 1 1 
Case #443: 16 2 2 2 2 2 3 3 17 1 1 1 1 1 1 1 1 
Case #444: 25 2 2 5 5 7 1 1 1 1 1 1 1 1 1 1 1 1 1 1 1 1 1 1 1 1 
Case #445: 14 2 3 3 3 5 5 13 1 1 1 1 1 1 1 
Case #446: -1
Case #447: 21 2 2 3 3 3 3 3 5 5 1 1 1 1 1 1 1 1 1 1 1 1 
Case #448: 17 2 2 2 2 2 2 2 2 2 2 2 2 3 5 7 1 1 
Case #449: -1
Case #450: 19 2 2 2 2 3 3 3 13 1 1 1 1 1 1 1 1 1 1 1 
Case #451: 7 17 19 1 1 1 1 1 
Case #452: 22 2 2 2 2 2 2 2 3 3 5 5 1 1 1 1 1 1 1 1 1 1 1 
Case #453: 31 11 1 1 1 1 1 1 1 1 1 1 1 1 1 1 1 1 1 1 1 1 1 1 1 1 1 1 1 1 1 1 
Case #454: 19 2 2 2 2 2 2 2 2 2 2 3 3 5 5 1 1 1 1 1 
Case #455: 17 2 2 2 2 2 2 3 3 3 13 1 1 1 1 1 1 1 
Case #456: 18 2 2 2 2 2 2 2 2 2 3 3 5 7 1 1 1 1 1 
Case #457: 21 2 2 2 2 3 3 3 3 3 3 3 3 1 1 1 1 1 1 1 1 1 
Case #458: 13 2 2 3 3 3 3 3 5 13 1 1 1 1 
Case #459: 22 2 2 2 2 2 3 3 3 5 5 1 1 1 1 1 1 1 1 1 1 1 1 
Case #460: -1
Case #461: -1
Case #462: -1
Case #463: 26 2 3 3 5 7 1 1 1 1 1 1 1 1 1 1 1 1 1 1 1 1 1 1 1 1 1 
Case #464: 32 2 2 2 7 1 1 1 1 1 1 1 1 1 1 1 1 1 1 1 1 1 1 1 1 1 1 1 1 1 1 1 1 
Case #465: 13 2 2 2 2 3 3 3 3 5 13 1 1 1 
Case #466: -1
Case #467: 21 2 2 2 2 3 3 3 11 1 1 1 1 1 1 1 1 1 1 1 1 1 
Case #468: 20 2 2 2 3 3 3 3 5 7 1 1 1 1 1 1 1 1 1 1 1 
Case #469: 27 2 2 3 3 3 3 5 1 1 1 1 1 1 1 1 1 1 1 1 1 1 1 1 1 1 1 1 
Case #470: 22 2 2 2 2 2 2 2 2 2 2 2 2 2 2 2 5 1 1 1 1 1 1 
Case #471: -1
Case #472: 23 2 2 3 5 11 1 1 1 1 1 1 1 1 1 1 1 1 1 1 1 1 1 1 
Case #473: 22 2 2 2 3 3 3 3 3 3 3 3 1 1 1 1 1 1 1 1 1 1 1 
Case #474: 15 2 2 2 2 3 3 5 5 11 1 1 1 1 1 1 
Case #475: -1
Case #476: 14 2 3 3 3 3 3 3 3 5 5 5 1 1 1 
Case #477: 19 2 2 2 2 2 2 3 5 11 1 1 1 1 1 1 1 1 1 1 
Case #478: 23 2 2 2 2 2 2 3 3 5 5 1 1 1 1 1 1 1 1 1 1 1 1 1 
Case #479: 24 2 2 2 2 2 2 2 2 2 2 2 3 5 1 1 1 1 1 1 1 1 1 1 1 
Case #480: 21 2 2 2 2 2 2 2 2 3 5 7 1 1 1 1 1 1 1 1 1 1 
Case #481: 18 2 2 2 2 2 3 3 3 3 5 7 1 1 1 1 1 1 1 
Case #482: -1
Case #483: 23 2 2 2 2 2 2 2 2 5 7 1 1 1 1 1 1 1 1 1 1 1 1 1 
Case #484: 12 2 2 2 3 7 7 13 1 1 1 1 1 
Case #485: 19 2 2 3 3 3 3 3 3 5 5 1 1 1 1 1 1 1 1 1 
Case #486: 33 2 2 7 1 1 1 1 1 1 1 1 1 1 1 1 1 1 1 1 1 1 1 1 1 1 1 1 1 1 1 1 1 1 
Case #487: 17 2 2 3 3 3 3 3 3 5 7 1 1 1 1 1 1 1 
Case #488: 18 2 2 2 3 3 3 3 5 5 5 1 1 1 1 1 1 1 1 
Case #489: 15 2 2 2 2 2 2 2 2 3 7 11 1 1 1 1 
Case #490: 22 2 3 3 3 3 3 5 5 1 1 1 1 1 1 1 1 1 1 1 1 1 1 
Case #491: 20 2 3 5 5 5 7 1 1 1 1 1 1 1 1 1 1 1 1 1 1 
Case #492: 22 2 2 2 2 2 2 2 5 5 5 1 1 1 1 1 1 1 1 1 1 1 1 
Case #493: 27 5 11 1 1 1 1 1 1 1 1 1 1 1 1 1 1 1 1 1 1 1 1 1 1 1 1 1 
Case #494: 15 2 2 2 2 2 2 2 2 3 17 1 1 1 1 1 
Case #495: 21 11 11 1 1 1 1 1 1 1 1 1 1 1 1 1 1 1 1 1 1 1 
Case #496: 17 2 2 3 3 5 5 5 7 1 1 1 1 1 1 1 1 1 
Case #497: 14 2 3 3 5 5 5 11 1 1 1 1 1 1 1 
Case #498: 40 2 1 1 1 1 1 1 1 1 1 1 1 1 1 1 1 1 1 1 1 1 1 1 1 1 1 1 1 1 1 1 1 1 1 1 1 1 1 1 1 
Case #499: 13 5 7 19 1 1 1 1 1 1 1 1 1 1 
Case #500: 18 2 2 2 3 5 5 5 7 1 1 1 1 1 1 1 1 1 1 
Case #501: 18 2 3 3 3 3 3 7 7 1 1 1 1 1 1 1 1 1 1 
Case #502: 24 2 2 2 2 2 3 3 5 5 1 1 1 1 1 1 1 1 1 1 1 1 1 1 1 
Case #503: 11 2 2 29 1 1 1 1 1 1 1 1 
Case #504: 16 2 2 2 2 2 3 3 3 3 7 7 1 1 1 1 1 
Case #505: 23 2 2 2 2 3 3 3 5 5 1 1 1 1 1 1 1 1 1 1 1 1 1 1 
Case #506: -1
Case #507: 18 2 2 2 2 2 2 2 3 3 3 11 1 1 1 1 1 1 1 
Case #508: -1
Case #509: 25 2 2 2 2 3 5 7 1 1 1 1 1 1 1 1 1 1 1 1 1 1 1 1 1 1 
Case #510: -1
Case #511: -1
Case #512: 3 5 17 19 
Case #513: 21 2 2 2 2 2 2 2 2 3 3 3 3 3 3 1 1 1 1 1 1 1 
Case #514: 14 2 2 2 3 3 3 3 17 1 1 1 1 1 1 
Case #515: 21 2 2 2 2 3 5 5 7 1 1 1 1 1 1 1 1 1 1 1 1 1 
Case #516: 27 2 2 2 2 3 3 3 5 1 1 1 1 1 1 1 1 1 1 1 1 1 1 1 1 1 1 1 
Case #517: 16 2 2 2 3 3 5 5 5 7 1 1 1 1 1 1 1 
Case #518: -1
Case #519: 17 2 2 2 2 2 2 2 2 3 3 3 11 1 1 1 1 1 
Case #520: 16 2 2 2 2 2 2 2 2 2 3 5 5 7 1 1 1 
Case #521: 17 2 2 2 2 3 3 3 3 7 7 1 1 1 1 1 1 1 
Case #522: 21 2 2 2 2 3 5 11 1 1 1 1 1 1 1 1 1 1 1 1 1 1 
Case #523: 22 2 2 2 5 7 7 1 1 1 1 1 1 1 1 1 1 1 1 1 1 1 1 
Case #524: 23 2 2 2 2 2 2 2 2 3 5 5 1 1 1 1 1 1 1 1 1 1 1 1 
Case #525: -1
Case #526: 11 2 2 3 3 3 5 19 1 1 1 1 
Case #527: -1
Case #528: 10 2 3 3 5 5 19 1 1 1 1 
Case #529: -1
Case #530: 16 2 2 2 2 2 2 2 3 3 3 13 1 1 1 1 1 
Case #531: 20 2 2 2 2 2 2 2 3 3 5 7 1 1 1 1 1 1 1 1 1 
Case #532: 20 2 2 2 2 2 2 2 2 2 2 2 2 2 2 2 2 2 5 1 1 
Case #533: 14 2 2 2 2 2 3 3 3 7 11 1 1 1 1 
Case #534: -1
Case #535: 15 5 23 1 1 1 1 1 1 1 1 1 1 1 1 1 
Case #536: 18 2 3 3 3 5 7 7 1 1 1 1 1 1 1 1 1 1 1 
Case #537: 14 2 2 2 3 3 5 7 11 1 1 1 1 1 1 
Case #538: 16 2 2 2 2 2 2 2 3 3 3 5 5 5 1 1 1 
Case #539: 26 2 2 2 2 2 2 2 2 2 2 2 2 2 3 1 1 1 1 1 1 1 1 1 1 1 1 
Case #540: 29 7 7 1 1 1 1 1 1 1 1 1 1 1 1 1 1 1 1 1 1 1 1 1 1 1 1 1 1 1 
Case #541: 12 2 2 2 2 2 3 3 11 11 1 1 1 
Case #542: 20 2 2 2 2 2 3 3 7 7 1 1 1 1 1 1 1 1 1 1 1 
Case #543: 27 2 2 3 3 5 5 1 1 1 1 1 1 1 1 1 1 1 1 1 1 1 1 1 1 1 1 1 
Case #544: 16 2 2 2 2 2 3 3 5 7 7 1 1 1 1 1 1 
Case #545: 26 2 2 2 2 2 2 2 2 2 2 2 5 1 1 1 1 1 1 1 1 1 1 1 1 1 1 
Case #546: -1
Case #547: 24 2 3 3 5 5 5 1 1 1 1 1 1 1 1 1 1 1 1 1 1 1 1 1 1 
Case #548: 16 2 2 2 2 2 5 17 1 1 1 1 1 1 1 1 1 
Case #549: 24 2 2 2 2 2 2 2 3 5 5 1 1 1 1 1 1 1 1 1 1 1 1 1 1 
Case #550: 20 2 2 2 2 2 2 2 2 2 3 3 5 5 1 1 1 1 1 1 1 
Case #551: 15 2 2 2 2 2 2 2 2 2 2 3 5 11 1 1 
Case #552: -1
Case #553: 13 2 2 2 2 2 2 3 5 5 7 7 1 1 
Case #554: -1
Case #555: 15 2 2 2 2 3 3 3 5 5 5 5 1 1 1 1 
Case #556: 17 2 2 2 2 3 3 3 5 11 1 1 1 1 1 1 1 1 
Case #557: -1
Case #558: 20 2 3 3 5 7 7 1 1 1 1 1 1 1 1 1 1 1 1 1 1 
Case #559: 18 2 2 2 5 5 7 7 1 1 1 1 1 1 1 1 1 1 1 
Case #560: 22 2 2 2 2 2 2 2 3 3 3 3 5 1 1 1 1 1 1 1 1 1 1 
Case #561: 17 2 2 7 7 11 1 1 1 1 1 1 1 1 1 1 1 1 
Case #562: 25 2 2 2 2 2 2 2 2 2 2 2 2 2 2 3 1 1 1 1 1 1 1 1 1 1 
Case #563: 16 2 2 2 7 7 11 1 1 1 1 1 1 1 1 1 1 
Case #564: 25 3 3 13 1 1 1 1 1 1 1 1 1 1 1 1 1 1 1 1 1 1 1 1 1 1 
Case #565: 21 2 2 3 5 7 7 1 1 1 1 1 1 1 1 1 1 1 1 1 1 1 
Case #566: 12 2 2 2 2 2 3 3 5 17 1 1 1 
Case #567: -1
Case #568: -1
Case #569: 27 2 2 2 2 2 2 3 3 3 3 1 1 1 1 1 1 1 1 1 1 1 1 1 1 1 1 1 
Case #570: 14 2 2 2 2 2 2 2 5 7 11 1 1 1 1 
Case #571: -1
Case #572: -1
Case #573: 19 2 2 2 2 3 3 5 5 7 1 1 1 1 1 1 1 1 1 1 
Case #574: 9 2 2 2 2 3 5 23 1 1 
Case #575: -1
Case #576: 28 2 13 1 1 1 1 1 1 1 1 1 1 1 1 1 1 1 1 1 1 1 1 1 1 1 1 1 1 
Case #577: -1
Case #578: 34 2 2 2 2 2 2 2 1 1 1 1 1 1 1 1 1 1 1 1 1 1 1 1 1 1 1 1 1 1 1 1 1 1 1 
Case #579: 27 3 3 3 3 7 1 1 1 1 1 1 1 1 1 1 1 1 1 1 1 1 1 1 1 1 1 1 
Case #580: 11 2 2 2 2 3 3 7 17 1 1 1 
Case #581: -1
Case #582: 20 2 2 2 2 2 2 2 2 2 2 2 3 3 3 5 1 1 1 1 1 
Case #583: 30 2 2 2 2 2 3 3 3 1 1 1 1 1 1 1 1 1 1 1 1 1 1 1 1 1 1 1 1 1 1 
Case #584: 21 3 3 3 3 3 3 3 3 5 1 1 1 1 1 1 1 1 1 1 1 1 
Case #585: -1
Case #586: 20 2 2 2 2 2 2 2 3 3 3 3 7 1 1 1 1 1 1 1 1 
Case #587: -1
Case #588: 27 3 3 3 3 3 5 1 1 1 1 1 1 1 1 1 1 1 1 1 1 1 1 1 1 1 1 1 
Case #589: 35 2 2 2 2 3 1 1 1 1 1 1 1 1 1 1 1 1 1 1 1 1 1 1 1 1 1 1 1 1 1 1 1 1 1 1 
Case #590: 26 2 2 2 13 1 1 1 1 1 1 1 1 1 1 1 1 1 1 1 1 1 1 1 1 1 1 
Case #591: 28 2 2 2 2 2 2 2 3 3 3 1 1 1 1 1 1 1 1 1 1 1 1 1 1 1 1 1 1 
Case #592: -1
Case #593: 18 2 2 2 2 2 5 5 5 7 1 1 1 1 1 1 1 1 1 
Case #594: -1
Case #595: 10 2 3 3 3 5 5 17 1 1 1 
Case #596: 14 2 2 2 3 3 3 3 7 11 1 1 1 1 1 
Case #597: 18 2 2 2 2 2 3 3 3 5 5 5 1 1 1 1 1 1 1 
Case #598: 15 2 2 2 2 5 5 5 5 7 1 1 1 1 1 1 
Case #599: 29 2 2 3 5 5 1 1 1 1 1 1 1 1 1 1 1 1 1 1 1 1 1 1 1 1 1 1 1 1 
Case #600: 19 2 2 2 2 2 2 3 3 3 11 1 1 1 1 1 1 1 1 1 
Case #601: 17 2 2 2 2 3 7 7 7 1 1 1 1 1 1 1 1 1 
Case #602: 19 2 2 3 3 3 3 7 7 1 1 1 1 1 1 1 1 1 1 1 
Case #603: 19 23 1 1 1 1 1 1 1 1 1 1 1 1 1 1 1 1 1 1 
Case #604: 20 2 2 2 2 2 3 3 3 3 5 5 1 1 1 1 1 1 1 1 1 
Case #605: 21 2 2 2 2 2 2 2 2 3 3 3 3 5 1 1 1 1 1 1 1 1 
Case #606: 23 3 3 3 3 3 5 5 1 1 1 1 1 1 1 1 1 1 1 1 1 1 1 1 
Case #607: 18 2 2 2 3 3 3 3 3 5 7 1 1 1 1 1 1 1 1 
Case #608: 30 2 2 2 2 2 7 1 1 1 1 1 1 1 1 1 1 1 1 1 1 1 1 1 1 1 1 1 1 1 1 
Case #609: 21 2 2 2 2 2 2 2 2 2 2 2 2 3 3 3 3 1 1 1 1 1 
Case #610: 22 2 2 2 2 2 3 3 3 3 3 5 1 1 1 1 1 1 1 1 1 1 1 
Case #611: 21 2 2 2 2 2 2 2 2 2 2 2 2 2 2 2 2 2 2 3 1 1 
Case #612: -1
Case #613: 15 2 2 3 3 3 3 3 3 5 5 5 1 1 1 1 
Case #614: 17 2 2 2 2 3 3 3 3 3 3 5 5 1 1 1 1 1 
Case #615: -1
Case #616: 24 2 2 2 2 2 2 2 3 3 7 1 1 1 1 1 1 1 1 1 1 1 1 1 1 
Case #617: 14 2 2 2 2 2 2 2 3 3 7 11 1 1 1 
Case #618: 17 2 2 3 5 5 13 1 1 1 1 1 1 1 1 1 1 1 
Case #619: 25 2 2 2 2 3 3 5 5 1 1 1 1 1 1 1 1 1 1 1 1 1 1 1 1 1 
Case #620: -1
Case #621: 27 2 2 2 2 2 2 2 2 2 2 5 1 1 1 1 1 1 1 1 1 1 1 1 1 1 1 1 
Case #622: 20 2 2 2 2 2 2 2 3 3 3 3 3 3 3 1 1 1 1 1 1 
Case #623: -1
Case #624: 27 2 2 2 2 2 2 3 3 5 1 1 1 1 1 1 1 1 1 1 1 1 1 1 1 1 1 1 
Case #625: 9 3 31 1 1 1 1 1 1 1 
Case #626: 26 2 2 2 2 2 2 2 2 2 3 5 1 1 1 1 1 1 1 1 1 1 1 1 1 1 1 
Case #627: 18 2 2 2 2 2 2 2 2 2 2 2 3 5 7 1 1 1 1 
Case #628: 18 2 2 2 2 2 3 3 3 13 1 1 1 1 1 1 1 1 1 
Case #629: 15 2 2 2 2 3 3 3 3 5 11 1 1 1 1 1 
Case #630: 25 2 2 3 5 5 5 1 1 1 1 1 1 1 1 1 1 1 1 1 1 1 1 1 1 1 
Case #631: 16 2 2 2 5 5 5 11 1 1 1 1 1 1 1 1 1 
Case #632: 13 2 2 2 2 3 3 5 17 1 1 1 1 1 
Case #633: 21 2 2 2 2 3 3 3 5 7 1 1 1 1 1 1 1 1 1 1 1 1 
Case #634: 14 2 2 2 2 2 5 7 13 1 1 1 1 1 1 
Case #635: -1
Case #636: -1
Case #637: 19 2 2 2 2 2 2 2 2 2 2 5 5 5 1 1 1 1 1 1 
Case #638: -1
Case #639: 6 2 17 19 1 1 1 
Case #640: 13 2 2 2 2 2 2 3 11 11 1 1 1 1 
Case #641: 17 2 2 2 2 3 5 5 5 7 1 1 1 1 1 1 1 1 
Case #642: 11 31 1 1 1 1 1 1 1 1 1 1 
Case #643: 20 2 2 2 5 5 11 1 1 1 1 1 1 1 1 1 1 1 1 1 1 
Case #644: 21 2 2 2 2 2 2 2 2 2 2 2 2 3 3 5 1 1 1 1 1 1 
Case #645: 28 2 2 2 3 3 7 1 1 1 1 1 1 1 1 1 1 1 1 1 1 1 1 1 1 1 1 1 1 
Case #646: 21 5 17 1 1 1 1 1 1 1 1 1 1 1 1 1 1 1 1 1 1 1 
Case #647: 20 2 2 2 2 2 2 2 3 5 5 5 1 1 1 1 1 1 1 1 1 
Case #648: 18 2 2 2 2 2 3 3 3 3 3 3 7 1 1 1 1 1 1 
Case #649: -1
Case #650: 19 2 2 2 2 2 2 2 2 2 2 2 2 3 3 3 5 1 1 1 
Case #651: 22 2 2 2 3 5 5 7 1 1 1 1 1 1 1 1 1 1 1 1 1 1 1 
Case #652: 19 2 2 2 2 3 7 11 1 1 1 1 1 1 1 1 1 1 1 1 
Case #653: -1
Case #654: 14 2 2 2 2 2 2 2 3 5 5 5 7 1 1 
Case #655: -1
Case #656: 26 2 3 3 3 3 7 1 1 1 1 1 1 1 1 1 1 1 1 1 1 1 1 1 1 1 1 
Case #657: 19 2 2 3 5 5 5 7 1 1 1 1 1 1 1 1 1 1 1 1 
Case #658: 31 3 5 5 1 1 1 1 1 1 1 1 1 1 1 1 1 1 1 1 1 1 1 1 1 1 1 1 1 1 1 1 
Case #659: 22 2 2 2 2 2 2 2 2 2 2 2 3 3 3 3 1 1 1 1 1 1 1 
Case #660: -1
Case #661: -1
Case #662: -1
Case #663: -1
Case #664: 20 2 2 2 2 2 3 3 3 3 3 3 3 3 1 1 1 1 1 1 1 
Case #665: 14 2 2 2 2 2 2 2 5 5 13 1 1 1 1 
Case #666: 17 2 2 2 2 2 2 7 13 1 1 1 1 1 1 1 1 1 
Case #667: 21 2 2 2 2 2 2 2 2 3 11 1 1 1 1 1 1 1 1 1 1 1 
Case #668: 22 2 2 2 2 2 3 3 11 1 1 1 1 1 1 1 1 1 1 1 1 1 1 
Case #669: -1
Case #670: 16 2 3 5 5 5 11 1 1 1 1 1 1 1 1 1 1 
Case #671: 36 2 5 1 1 1 1 1 1 1 1 1 1 1 1 1 1 1 1 1 1 1 1 1 1 1 1 1 1 1 1 1 1 1 1 1 1 
Case #672: -1
Case #673: 38 2 2 2 1 1 1 1 1 1 1 1 1 1 1 1 1 1 1 1 1 1 1 1 1 1 1 1 1 1 1 1 1 1 1 1 1 1 1 
Case #674: 15 2 2 2 2 3 11 11 1 1 1 1 1 1 1 1 
Case #675: -1
Case #676: -1
Case #677: 17 2 2 2 2 2 2 2 2 2 2 5 5 7 1 1 1 1 
Case #678: 14 2 3 3 3 3 3 3 3 3 5 7 1 1 1 
Case #679: 16 2 2 2 2 2 2 2 3 3 5 5 7 1 1 1 1 
Case #680: 17 2 2 2 2 5 5 13 1 1 1 1 1 1 1 1 1 1 
Case #681: 12 2 3 3 3 3 3 3 5 13 1 1 1 
Case #682: -1
Case #683: -1
Case #684: -1
Case #685: -1
Case #686: 36 2 2 2 2 2 1 1 1 1 1 1 1 1 1 1 1 1 1 1 1 1 1 1 1 1 1 1 1 1 1 1 1 1 1 1 1 
Case #687: 15 2 2 2 2 3 3 3 5 7 7 1 1 1 1 1 
Case #688: 10 2 2 2 3 7 11 11 1 1 1 
Case #689: 21 2 2 2 2 2 2 2 2 2 2 2 2 2 2 2 2 3 3 1 1 1 
Case #690: 35 2 2 5 1 1 1 1 1 1 1 1 1 1 1 1 1 1 1 1 1 1 1 1 1 1 1 1 1 1 1 1 1 1 1 1 
Case #691: 26 2 3 3 3 3 3 5 1 1 1 1 1 1 1 1 1 1 1 1 1 1 1 1 1 1 1 
Case #692: 15 2 2 2 2 3 5 7 11 1 1 1 1 1 1 1 
Case #693: 23 2 2 2 2 2 2 2 2 3 3 7 1 1 1 1 1 1 1 1 1 1 1 1 
Case #694: 16 2 3 3 5 7 11 1 1 1 1 1 1 1 1 1 1 
Case #695: 27 2 2 2 2 3 3 7 1 1 1 1 1 1 1 1 1 1 1 1 1 1 1 1 1 1 1 1 
Case #696: 16 2 2 2 2 2 3 5 5 5 7 1 1 1 1 1 1 
Case #697: 16 2 2 2 3 5 5 7 7 1 1 1 1 1 1 1 1 
Case #698: 23 3 3 3 5 5 5 1 1 1 1 1 1 1 1 1 1 1 1 1 1 1 1 1 
Case #699: 10 2 2 2 2 2 3 13 13 1 1 
Case #700: 10 2 2 2 3 5 7 7 11 1 1 
Case #701: -1
Case #702: 18 2 2 2 5 5 13 1 1 1 1 1 1 1 1 1 1 1 1 
Case #703: 26 2 5 11 1 1 1 1 1 1 1 1 1 1 1 1 1 1 1 1 1 1 1 1 1 1 1 
Case #704: 13 2 2 2 2 3 3 3 19 1 1 1 1 1 
Case #705: 18 2 2 2 3 3 3 3 7 7 1 1 1 1 1 1 1 1 1 
Case #706: 24 2 2 2 2 2 2 2 2 2 2 2 2 2 2 2 3 1 1 1 1 1 1 1 1 
Case #707: -1
Case #708: 33 3 3 3 3 1 1 1 1 1 1 1 1 1 1 1 1 1 1 1 1 1 1 1 1 1 1 1 1 1 1 1 1 1 
Case #709: 24 2 2 2 2 2 3 5 7 1 1 1 1 1 1 1 1 1 1 1 1 1 1 1 1 
Case #710: 25 5 13 1 1 1 1 1 1 1 1 1 1 1 1 1 1 1 1 1 1 1 1 1 1 1 
Case #711: 17 2 2 2 2 2 2 3 17 1 1 1 1 1 1 1 1 1 
Case #712: 17 2 2 3 3 3 17 1 1 1 1 1 1 1 1 1 1 1 
Case #713: 25 2 2 2 2 3 3 3 3 5 1 1 1 1 1 1 1 1 1 1 1 1 1 1 1 1 
Case #714: 19 2 2 2 2 3 17 1 1 1 1 1 1 1 1 1 1 1 1 1 
Case #715: 18 2 3 3 3 5 5 5 5 1 1 1 1 1 1 1 1 1 1 
Case #716: -1
Case #717: 27 2 2 13 1 1 1 1 1 1 1 1 1 1 1 1 1 1 1 1 1 1 1 1 1 1 1 1 
Case #718: 17 2 2 3 3 3 7 11 1 1 1 1 1 1 1 1 1 1 
Case #719: -1
Case #720: 21 3 19 1 1 1 1 1 1 1 1 1 1 1 1 1 1 1 1 1 1 1 
Case #721: 21 2 2 2 2 2 2 2 2 7 7 1 1 1 1 1 1 1 1 1 1 1 
Case #722: 22 2 2 2 5 5 5 5 1 1 1 1 1 1 1 1 1 1 1 1 1 1 1 
Case #723: -1
Case #724: 25 2 2 2 2 2 2 2 2 2 2 2 2 5 1 1 1 1 1 1 1 1 1 1 1 1 
Case #725: -1
Case #726: 33 3 7 1 1 1 1 1 1 1 1 1 1 1 1 1 1 1 1 1 1 1 1 1 1 1 1 1 1 1 1 1 1 1 
Case #727: 16 2 2 2 3 3 3 5 13 1 1 1 1 1 1 1 1 
Case #728: 20 2 2 2 2 2 3 5 11 1 1 1 1 1 1 1 1 1 1 1 1 
Case #729: 18 2 3 3 3 5 13 1 1 1 1 1 1 1 1 1 1 1 1 
Case #730: 19 2 2 2 2 2 2 2 2 2 2 3 3 3 3 5 1 1 1 1 
Case #731: 13 7 11 13 1 1 1 1 1 1 1 1 1 1 
Case #732: 23 2 2 2 2 3 3 11 1 1 1 1 1 1 1 1 1 1 1 1 1 1 1 1 
Case #733: 24 2 2 2 2 2 2 2 2 2 3 3 5 1 1 1 1 1 1 1 1 1 1 1 1 
Case #734: 38 2 3 1 1 1 1 1 1 1 1 1 1 1 1 1 1 1 1 1 1 1 1 1 1 1 1 1 1 1 1 1 1 1 1 1 1 1 1 
Case #735: 17 2 2 3 5 5 7 7 1 1 1 1 1 1 1 1 1 1 
Case #736: 25 2 2 2 2 5 5 5 1 1 1 1 1 1 1 1 1 1 1 1 1 1 1 1 1 1 
Case #737: 14 2 2 2 2 2 3 3 3 5 13 1 1 1 1 
Case #738: 13 2 2 5 5 7 7 7 1 1 1 1 1 1 
Case #739: -1
Case #740: 25 2 2 2 2 2 2 2 2 5 5 1 1 1 1 1 1 1 1 1 1 1 1 1 1 1 
Case #741: 18 2 2 2 2 2 2 2 2 2 3 3 11 1 1 1 1 1 1 
Case #742: 22 2 2 2 3 3 3 3 5 5 1 1 1 1 1 1 1 1 1 1 1 1 1 
Case #743: 19 2 2 2 2 3 5 13 1 1 1 1 1 1 1 1 1 1 1 1 
Case #744: 33 2 2 3 3 3 1 1 1 1 1 1 1 1 1 1 1 1 1 1 1 1 1 1 1 1 1 1 1 1 1 1 1 1 
Case #745: 18 2 2 2 2 2 3 3 3 7 7 1 1 1 1 1 1 1 1 
Case #746: 11 2 2 3 3 7 19 1 1 1 1 1 
Case #747: 20 2 2 2 3 3 3 3 11 1 1 1 1 1 1 1 1 1 1 1 1 
Case #748: 18 2 2 2 3 3 3 3 3 3 5 5 1 1 1 1 1 1 1 
Case #749: 19 2 2 2 2 3 3 5 11 1 1 1 1 1 1 1 1 1 1 1 
Case #750: 12 2 3 3 5 5 5 5 5 5 1 1 1 
Case #751: -1
Case #752: 39 3 1 1 1 1 1 1 1 1 1 1 1 1 1 1 1 1 1 1 1 1 1 1 1 1 1 1 1 1 1 1 1 1 1 1 1 1 1 1 
Case #753: 14 2 2 2 2 2 2 2 3 7 13 1 1 1 1 
Case #754: 17 2 2 2 2 2 2 3 3 3 3 5 7 1 1 1 1 1 
Case #755: 17 2 2 2 2 2 2 3 3 3 5 5 5 1 1 1 1 1 
Case #756: 17 2 2 2 2 2 2 2 2 2 2 3 7 7 1 1 1 1 
Case #757: 34 2 3 3 3 1 1 1 1 1 1 1 1 1 1 1 1 1 1 1 1 1 1 1 1 1 1 1 1 1 1 1 1 1 1 
Case #758: 23 2 2 2 2 2 2 2 2 2 2 3 3 3 3 1 1 1 1 1 1 1 1 1 
Case #759: 24 2 2 2 2 2 2 2 2 2 5 5 1 1 1 1 1 1 1 1 1 1 1 1 1 
Case #760: 22 2 2 2 2 2 2 2 3 3 3 3 3 3 1 1 1 1 1 1 1 1 1 
Case #761: 16 2 2 2 2 2 3 3 3 3 13 1 1 1 1 1 1 
Case #762: 32 2 2 2 3 3 3 1 1 1 1 1 1 1 1 1 1 1 1 1 1 1 1 1 1 1 1 1 1 1 1 1 1 
Case #763: 13 2 2 2 2 3 5 19 1 1 1 1 1 1 
Case #764: 15 2 2 2 2 7 7 11 1 1 1 1 1 1 1 1 
Case #765: -1
Case #766: -1
Case #767: 24 2 2 2 2 2 5 5 5 1 1 1 1 1 1 1 1 1 1 1 1 1 1 1 1 
Case #768: 29 13 1 1 1 1 1 1 1 1 1 1 1 1 1 1 1 1 1 1 1 1 1 1 1 1 1 1 1 1 
Case #769: -1
Case #770: 10 2 31 1 1 1 1 1 1 1 1 
Case #771: 14 2 2 2 3 3 3 7 13 1 1 1 1 1 1 
Case #772: 15 2 2 2 2 2 2 5 5 5 5 5 1 1 1 1 
Case #773: 3 17 23 1 
Case #774: 25 2 2 2 2 2 2 3 5 5 1 1 1 1 1 1 1 1 1 1 1 1 1 1 1 1 
Case #775: 21 3 3 3 5 5 7 1 1 1 1 1 1 1 1 1 1 1 1 1 1 1 
Case #776: 18 2 2 2 3 3 3 3 13 1 1 1 1 1 1 1 1 1 1 
Case #777: -1
Case #778: 21 2 2 2 2 2 2 3 3 3 5 5 1 1 1 1 1 1 1 1 1 1 
Case #779: 16 2 2 2 3 3 3 3 3 3 11 1 1 1 1 1 1 
Case #780: 16 2 2 2 3 3 3 3 3 7 7 1 1 1 1 1 1 
Case #781: 23 2 2 2 2 2 2 2 2 3 3 3 5 1 1 1 1 1 1 1 1 1 1 1 
Case #782: 17 2 2 2 2 2 2 2 2 3 3 7 7 1 1 1 1 1 
Case #783: -1
Case #784: 19 2 2 2 2 2 2 3 3 3 3 3 3 5 1 1 1 1 1 1 
Case #785: 16 2 3 3 3 3 3 5 5 7 1 1 1 1 1 1 1 
Case #786: 19 2 2 2 2 2 2 2 2 2 2 3 5 7 1 1 1 1 1 1 
Case #787: 12 2 2 2 2 2 3 5 5 5 11 1 1 
Case #788: 16 2 2 2 2 2 3 3 7 11 1 1 1 1 1 1 1 
Case #789: 18 2 2 2 2 2 2 2 3 3 3 3 5 5 1 1 1 1 1 
Case #790: -1
Case #791: 23 2 2 3 5 5 7 1 1 1 1 1 1 1 1 1 1 1 1 1 1 1 1 1 
Case #792: 19 7 17 1 1 1 1 1 1 1 1 1 1 1 1 1 1 1 1 1 
Case #793: 26 2 2 2 2 2 2 2 2 2 3 3 3 1 1 1 1 1 1 1 1 1 1 1 1 1 1 
Case #794: 31 5 7 1 1 1 1 1 1 1 1 1 1 1 1 1 1 1 1 1 1 1 1 1 1 1 1 1 1 1 1 1 
Case #795: 18 2 2 2 2 2 3 3 5 11 1 1 1 1 1 1 1 1 1 
Case #796: 12 2 2 2 3 3 3 5 7 11 1 1 1 
Case #797: 33 3 3 5 1 1 1 1 1 1 1 1 1 1 1 1 1 1 1 1 1 1 1 1 1 1 1 1 1 1 1 1 1 1 
Case #798: 13 2 2 2 2 2 2 3 3 7 13 1 1 1 
Case #799: 24 2 2 2 3 5 5 5 1 1 1 1 1 1 1 1 1 1 1 1 1 1 1 1 1 
Case #800: 19 2 2 3 3 3 3 3 5 7 1 1 1 1 1 1 1 1 1 1 
Case #801: 18 2 2 2 2 2 3 3 3 3 3 5 5 1 1 1 1 1 1 
Case #802: -1
Case #803: 28 2 2 2 2 2 2 2 2 2 5 1 1 1 1 1 1 1 1 1 1 1 1 1 1 1 1 1 1 
Case #804: 22 2 2 2 2 2 2 2 2 2 3 3 3 5 1 1 1 1 1 1 1 1 1 
Case #805: 23 2 2 2 2 2 2 2 2 2 2 2 2 7 1 1 1 1 1 1 1 1 1 1 
Case #806: 18 2 2 2 2 2 3 3 5 5 7 1 1 1 1 1 1 1 1 
Case #807: 12 2 2 2 2 2 3 5 7 13 1 1 1 
Case #808: -1
Case #809: 14 2 2 2 2 2 3 3 5 5 11 1 1 1 1 
Case #810: 22 2 19 1 1 1 1 1 1 1 1 1 1 1 1 1 1 1 1 1 1 1 1 
Case #811: 14 2 2 2 2 2 3 3 3 5 7 7 1 1 1 
Case #812: 16 2 2 2 2 2 2 2 2 2 3 3 7 7 1 1 1 
Case #813: 22 2 2 2 3 3 5 5 5 1 1 1 1 1 1 1 1 1 1 1 1 1 1 
Case #814: 19 2 2 2 2 2 2 5 13 1 1 1 1 1 1 1 1 1 1 1 
Case #815: 24 2 2 2 3 3 5 7 1 1 1 1 1 1 1 1 1 1 1 1 1 1 1 1 1 
Case #816: 17 2 2 2 2 2 2 2 2 3 3 3 3 5 5 1 1 1 
Case #817: 14 2 2 2 2 2 2 2 3 5 5 11 1 1 1 
Case #818: 16 2 2 2 3 5 7 11 1 1 1 1 1 1 1 1 1 
Case #819: 24 2 2 2 2 2 3 3 3 3 5 1 1 1 1 1 1 1 1 1 1 1 1 1 1 
Case #820: 13 2 2 2 2 3 3 3 5 5 11 1 1 1 
Case #821: -1
Case #822: 20 2 2 2 2 2 2 2 2 2 3 3 3 3 5 1 1 1 1 1 1 
Case #823: -1
Case #824: 22 2 2 2 2 2 5 5 7 1 1 1 1 1 1 1 1 1 1 1 1 1 1 
Case #825: -1
Case #826: 20 2 2 2 2 2 3 3 3 3 3 3 5 1 1 1 1 1 1 1 1 
Case #827: 30 2 2 2 2 2 2 2 5 1 1 1 1 1 1 1 1 1 1 1 1 1 1 1 1 1 1 1 1 1 1 
Case #828: -1
Case #829: 21 2 2 2 2 2 2 2 2 2 2 3 5 5 1 1 1 1 1 1 1 1 
Case #830: 18 2 2 2 2 2 2 2 3 3 3 3 3 3 5 1 1 1 1 
Case #831: 19 2 2 2 2 2 2 2 2 2 2 3 3 3 7 1 1 1 1 1 
Case #832: 23 2 2 2 2 3 3 5 7 1 1 1 1 1 1 1 1 1 1 1 1 1 1 1 
Case #833: 18 2 2 2 2 2 3 17 1 1 1 1 1 1 1 1 1 1 1 
Case #834: 13 2 2 3 3 3 3 3 17 1 1 1 1 1 
Case #835: 19 2 2 2 2 2 2 2 2 3 3 3 3 7 1 1 1 1 1 1 
Case #836: 19 2 2 2 2 2 2 3 5 5 7 1 1 1 1 1 1 1 1 1 
Case #837: 18 2 2 2 3 3 5 7 7 1 1 1 1 1 1 1 1 1 1 
Case #838: 19 2 2 2 2 2 2 5 7 7 1 1 1 1 1 1 1 1 1 1 
Case #839: 14 2 2 2 2 2 3 3 5 5 5 7 1 1 1 
Case #840: 21 2 2 2 2 2 2 3 7 7 1 1 1 1 1 1 1 1 1 1 1 1 
Case #841: 31 3 3 3 5 1 1 1 1 1 1 1 1 1 1 1 1 1 1 1 1 1 1 1 1 1 1 1 1 1 1 1 
Case #842: -1
Case #843: 21 2 2 2 2 2 2 2 2 2 2 3 3 3 3 3 1 1 1 1 1 1 
Case #844: 17 2 2 2 2 2 2 2 2 3 3 5 5 5 1 1 1 1 
Case #845: 23 2 2 2 2 2 2 5 5 5 1 1 1 1 1 1 1 1 1 1 1 1 1 1 
Case #846: 18 2 23 1 1 1 1 1 1 1 1 1 1 1 1 1 1 1 1 
Case #847: 17 2 2 2 2 2 2 3 3 3 3 3 3 3 5 1 1 1 
Case #848: -1
Case #849: 22 2 2 2 2 2 2 2 2 2 2 2 2 2 3 3 3 1 1 1 1 1 1 
Case #850: 19 2 2 2 2 3 3 3 3 3 3 3 3 3 1 1 1 1 1 1 
Case #851: 21 2 2 2 2 3 3 5 5 5 1 1 1 1 1 1 1 1 1 1 1 1 
Case #852: 20 2 2 2 3 7 11 1 1 1 1 1 1 1 1 1 1 1 1 1 1 
Case #853: 16 2 2 2 3 3 3 5 5 5 5 1 1 1 1 1 1 
Case #854: 15 2 2 2 2 2 2 2 2 3 5 5 5 5 1 1 
Case #855: 29 2 2 2 2 2 2 2 2 3 3 1 1 1 1 1 1 1 1 1 1 1 1 1 1 1 1 1 1 1 
Case #856: 28 2 7 7 1 1 1 1 1 1 1 1 1 1 1 1 1 1 1 1 1 1 1 1 1 1 1 1 1 
Case #857: 15 2 2 3 3 3 3 3 3 3 11 1 1 1 1 1 
Case #858: 19 2 2 2 2 3 3 3 7 7 1 1 1 1 1 1 1 1 1 1 
Case #859: 12 2 29 1 1 1 1 1 1 1 1 1 1 
Case #860: 25 3 3 3 3 5 5 1 1 1 1 1 1 1 1 1 1 1 1 1 1 1 1 1 1 1 
Case #861: 18 2 3 3 5 5 5 7 1 1 1 1 1 1 1 1 1 1 1 
Case #862: -1
Case #863: -1
Case #864: 32 2 2 2 2 2 5 1 1 1 1 1 1 1 1 1 1 1 1 1 1 1 1 1 1 1 1 1 1 1 1 1 1 
Case #865: 6 2 3 5 7 11 13 
Case #866: -1
Case #867: 10 2 2 2 2 2 3 7 19 1 1 
Case #868: 20 2 3 3 3 3 3 11 1 1 1 1 1 1 1 1 1 1 1 1 1 
Case #869: 22 2 2 2 2 2 2 2 2 2 2 2 3 3 5 1 1 1 1 1 1 1 1 
Case #870: 15 2 2 3 3 3 3 5 5 5 5 1 1 1 1 1 
Case #871: 22 2 2 2 2 2 2 2 2 2 2 2 2 2 2 2 2 2 3 1 1 1 1 
Case #872: 22 2 2 2 2 2 2 2 2 2 5 7 1 1 1 1 1 1 1 1 1 1 1 
Case #873: -1
Case #874: 19 2 2 2 2 3 3 3 3 3 3 3 5 1 1 1 1 1 1 1 
Case #875: 11 2 2 2 2 3 3 23 1 1 1 1 
Case #876: -1
Case #877: -1
Case #878: 17 2 2 2 2 3 3 3 3 3 5 7 1 1 1 1 1 1 
Case #879: 24 2 2 2 2 2 2 2 5 7 1 1 1 1 1 1 1 1 1 1 1 1 1 1 1 
Case #880: 21 2 2 2 2 2 2 2 2 5 5 5 1 1 1 1 1 1 1 1 1 1 
Case #881: 17 2 2 2 2 3 3 3 3 3 11 1 1 1 1 1 1 1 
Case #882: 23 2 2 3 3 13 1 1 1 1 1 1 1 1 1 1 1 1 1 1 1 1 1 1 
Case #883: 28 2 2 2 2 2 3 7 1 1 1 1 1 1 1 1 1 1 1 1 1 1 1 1 1 1 1 1 1 
Case #884: 25 17 1 1 1 1 1 1 1 1 1 1 1 1 1 1 1 1 1 1 1 1 1 1 1 1 
Case #885: -1
Case #886: 16 2 3 3 3 3 5 5 5 5 1 1 1 1 1 1 1 
Case #887: 19 5 19 1 1 1 1 1 1 1 1 1 1 1 1 1 1 1 1 1 
Case #888: 29 3 5 7 1 1 1 1 1 1 1 1 1 1 1 1 1 1 1 1 1 1 1 1 1 1 1 1 1 1 
Case #889: -1
Case #890: 15 2 2 2 2 2 2 3 3 5 7 7 1 1 1 1 
Case #891: 23 3 3 3 7 7 1 1 1 1 1 1 1 1 1 1 1 1 1 1 1 1 1 1 
Case #892: 22 2 2 2 2 2 3 3 3 3 3 3 3 1 1 1 1 1 1 1 1 1 1 
Case #893: 12 2 2 2 3 3 5 19 1 1 1 1 1 
Case #894: 16 2 2 2 2 2 2 2 2 2 5 7 7 1 1 1 1 
Case #895: 29 3 3 3 7 1 1 1 1 1 1 1 1 1 1 1 1 1 1 1 1 1 1 1 1 1 1 1 1 1 
Case #896: -1
Case #897: 17 2 2 3 3 3 3 3 3 3 3 3 5 1 1 1 1 1 
Case #898: 17 2 2 2 2 2 2 7 7 7 1 1 1 1 1 1 1 1 
Case #899: 14 2 2 2 3 3 3 3 3 5 5 7 1 1 1 
Case #900: -1
Case #901: -1
Case #902: 20 2 2 2 2 2 3 5 5 7 1 1 1 1 1 1 1 1 1 1 1 
Case #903: 21 2 2 2 2 2 2 2 2 3 3 5 5 1 1 1 1 1 1 1 1 1 
Case #904: -1
Case #905: -1
Case #906: 22 2 2 2 2 2 2 2 2 2 2 2 2 2 7 1 1 1 1 1 1 1 1 
Case #907: 21 2 2 2 2 2 2 2 2 2 2 2 2 2 2 7 1 1 1 1 1 1 
Case #908: -1
Case #909: 25 2 2 2 2 2 2 3 3 7 1 1 1 1 1 1 1 1 1 1 1 1 1 1 1 1 
Case #910: 14 2 3 3 3 3 5 5 11 1 1 1 1 1 1 
Case #911: 33 2 2 2 2 5 1 1 1 1 1 1 1 1 1 1 1 1 1 1 1 1 1 1 1 1 1 1 1 1 1 1 1 1 
Case #912: 26 2 3 3 3 3 3 3 3 1 1 1 1 1 1 1 1 1 1 1 1 1 1 1 1 1 1 
Case #913: -1
Case #914: 15 2 2 2 2 3 3 19 1 1 1 1 1 1 1 1 
Case #915: 13 2 2 2 2 3 3 11 11 1 1 1 1 1 
Case #916: -1
Case #917: 25 2 2 2 2 2 2 2 2 3 7 1 1 1 1 1 1 1 1 1 1 1 1 1 1 1 
Case #918: 17 2 2 2 2 2 2 2 2 2 2 3 13 1 1 1 1 1 
Case #919: 25 2 2 2 2 3 3 3 7 1 1 1 1 1 1 1 1 1 1 1 1 1 1 1 1 1 
Case #920: 15 2 2 2 2 7 17 1 1 1 1 1 1 1 1 1 
Case #921: 25 7 11 1 1 1 1 1 1 1 1 1 1 1 1 1 1 1 1 1 1 1 1 1 1 1 
Case #922: 25 2 2 3 3 3 3 7 1 1 1 1 1 1 1 1 1 1 1 1 1 1 1 1 1 1 
Case #923: -1
Case #924: 16 2 2 2 3 3 7 13 1 1 1 1 1 1 1 1 1 
Case #925: 25 3 3 3 3 3 3 5 1 1 1 1 1 1 1 1 1 1 1 1 1 1 1 1 1 1 
Case #926: 35 7 1 1 1 1 1 1 1 1 1 1 1 1 1 1 1 1 1 1 1 1 1 1 1 1 1 1 1 1 1 1 1 1 1 1 
Case #927: 24 2 2 2 2 2 2 2 2 2 3 3 3 3 1 1 1 1 1 1 1 1 1 1 1 
Case #928: 20 2 3 3 3 5 5 7 1 1 1 1 1 1 1 1 1 1 1 1 1 
Case #929: -1
Case #930: 22 2 3 17 1 1 1 1 1 1 1 1 1 1 1 1 1 1 1 1 1 1 1 
Case #931: -1
Case #932: 26 2 2 2 2 2 3 3 3 3 3 1 1 1 1 1 1 1 1 1 1 1 1 1 1 1 1 
Case #933: 18 2 3 3 3 3 3 3 5 7 1 1 1 1 1 1 1 1 1 
Case #934: -1
Case #935: -1
Case #936: 36 2 3 3 1 1 1 1 1 1 1 1 1 1 1 1 1 1 1 1 1 1 1 1 1 1 1 1 1 1 1 1 1 1 1 1 1 
Case #937: -1
Case #938: -1
Case #939: 28 2 2 2 2 2 2 2 3 5 1 1 1 1 1 1 1 1 1 1 1 1 1 1 1 1 1 1 1 
Case #940: 11 2 2 2 2 3 3 5 19 1 1 1 
Case #941: 18 2 2 2 2 2 2 2 2 2 2 2 3 11 1 1 1 1 1 
Case #942: -1
Case #943: 13 2 2 3 3 5 7 13 1 1 1 1 1 1 
Case #944: 20 2 3 3 3 3 3 3 3 3 5 1 1 1 1 1 1 1 1 1 1 
Case #945: 16 2 3 3 3 3 3 3 5 5 5 1 1 1 1 1 1 
Case #946: 13 2 2 3 5 5 7 11 1 1 1 1 1 1 
Case #947: 37 2 2 2 2 1 1 1 1 1 1 1 1 1 1 1 1 1 1 1 1 1 1 1 1 1 1 1 1 1 1 1 1 1 1 1 1 1 
Case #948: 13 2 2 3 3 3 5 5 13 1 1 1 1 1 
Case #949: 18 2 2 2 2 2 2 2 3 3 7 7 1 1 1 1 1 1 1 
Case #950: 17 2 2 2 2 2 2 2 2 3 3 3 5 7 1 1 1 1 
Case #951: 10 2 2 2 3 11 17 1 1 1 1 
Case #952: 13 2 2 2 2 3 5 7 13 1 1 1 1 1 
Case #953: -1
Case #954: 21 2 2 2 2 2 2 3 3 3 3 3 3 3 1 1 1 1 1 1 1 1 
Case #955: 15 2 2 2 2 2 2 2 2 5 5 11 1 1 1 1 
Case #956: 32 2 3 7 1 1 1 1 1 1 1 1 1 1 1 1 1 1 1 1 1 1 1 1 1 1 1 1 1 1 1 1 1 
Case #957: 15 2 2 3 3 3 5 5 5 7 1 1 1 1 1 1 
Case #958: 41 1 1 1 1 1 1 1 1 1 1 1 1 1 1 1 1 1 1 1 1 1 1 1 1 1 1 1 1 1 1 1 1 1 1 1 1 1 1 1 1 1 
Case #959: 12 2 2 2 3 3 5 7 7 7 1 1 1 
Case #960: 28 2 2 2 3 3 3 3 3 1 1 1 1 1 1 1 1 1 1 1 1 1 1 1 1 1 1 1 1 
Case #961: 19 2 2 2 2 2 2 2 2 2 2 3 11 1 1 1 1 1 1 1 
Case #962: 25 2 2 3 3 5 7 1 1 1 1 1 1 1 1 1 1 1 1 1 1 1 1 1 1 1 
Case #963: 31 2 2 3 3 5 1 1 1 1 1 1 1 1 1 1 1 1 1 1 1 1 1 1 1 1 1 1 1 1 1 1 
Case #964: 25 2 2 2 2 2 2 3 3 3 5 1 1 1 1 1 1 1 1 1 1 1 1 1 1 1 
Case #965: -1
