965
288
240000
999999937
1386
55296
2688
85881
25490988
2592
31104
1824
473
25600
40960
98415
967669583
60000
46464
24192
18720
97
69888
24
6399199
59
22500
3564
92317161
2070
133650
9216
9504
9180
164640
50
8976
49500
100696425
46080
25
614400
99
35503
7500
49392
787320
4655
32400
53760
115248
42755209
40824
66150
361
346742385
4158
14
50000
92400
32670
25002
54880
442368
20160
37
58054077
1600
58320
5760
37800
810
36
16320
96000
38400
5625
87480
92
256000
134400
1530
144000
35640
52920
10080
124416
12870
14336
101
118
9900
1890
9409159
243000
244944
110592
3240
4050
127
66
1701
10000
7290
41580
78000
11340
587234
124
18432
21384
150000
746803744
23328
395
118263990
4680
501
14688
33108
3864
8087519
7897861
29
1764
100800
18240
90
60
129024
29952
2097152
45000
6300
1056
4914
65536
396
362880
257
12348
19800
85712697
22848
11264
4704
583200
108864
6000
99840
8015864
998244353
6720
432255
460800
67500
126
72000
13860
969
44
64512
42120
49920
281
142884
964532929
180000
3780
56700
26460
2403381
448
420
34
5304
126720
57024
5400
7056
7785
112
12288
8748
131
170
1512
89100
63360
107
21504
27000
110250
49000
7040
28512
405000
22
6750
17820
1048576
88
10368
7392
118272
94080
1671
112000
27456
725573
48510
405
3509575
142560
176400
4536
20736
29120
307200
69
32256
84
27216
3960
491520
6144
368640
75264
2730
25920
2376
78
10752
17280
89600
153600
59400
8372259
349920
2431
294912
311040
904152917
172032
30
4608
226800
3584
31590
1520
54600
96768
63
1440
29160
12096
15552
15400
7938
131220
50544
21383
54000
84480
696
54432
13122
2016
38497
62208
7296
106
97200
147456
1100
524288
474
24696
9
2310
1728
155520
168000
524880
217728
47520
4943
169344
172800
75600
204120
21870
61740
129600
13500
30240
13440
87
67200
111
375000
36864
85536
20000
6037
74
5297
74088
198450
64922375
76
589833267
302400
162000
51
954158175
64
61966
32768
105000
360000
472392
29250
408240
2340
43740
300000
31680
4
5
324000
86400
23400
58800
12000
151200
1800
8320
8100
70200
29484
33
96
91
138240
322560
72
15390
29700
31200
47628
94
157464
125
48384
47040
4320
768
73728
9100
912
40
546
20592
192
388800
170100
457481
938017885
95040
83
540
131980
18816
45360
782
792
19440
80640
486000
32640
2400
44800
60480
320
3888
1249
441
48600
81920
36283838
12672
57624
262440
633
4620
196830
81648
37440
301056
86016
28080
77760
2352
6804
576
47
4675
132300
236250
373248
934
15
35280
9827
61440
345600
536870912
805306368
52800
245760
5940
120
987
99000
3528
196608
3072
622080
306180
78750
24000
10710
7560
74880
122880
11664
40950
68
192000
70
32076
120000
4896
700
17550
67
24300
430080
1000000000
5616
323
28800
11
230400
22464
161280
104976
63180
21600
79548
282791
957262828
630
56
84240
113
4752
22680
1620
163840
7389
660
52488
39600
53
546750
10560
14400
30720
26880
90720
900360029
8960
15288
72900
28
102060
81000
59136
12150
5250
16000
55
13056
121
31500
24750
2
665
21000
23814
7200
116
127008
10800
82268566
38016
2906162
1680
1001604
3157819
1615
186624
11016
8400
2160
63000
7025
76032
268800
63504
2640
1960
19200
30973
10260
91857
8550
998506315
44928
40320
655360
66528
362
115
13230
27720
432000
24576
49
34848
14112
900
70560
10240
621008
2250
2720
9600
115200
168960
2707
235200
916855204
270000
23760
5601
4410
9800
51840
2156
49152
4312
117
2940
24480
3371
4539685
5184
49280
922505446
1817
25200
5520
2618049
26
47473
128
567
17136
34111
276480
864
32805
697106497
72576
5044
1215
48
104
3456
519
28000
989447237
22950
49896
108000
70000
300
19008
16464
15876
23
64800
103680
6075
68040
224
331776
38880
786432
5073
364500
291600
926315427
8064
88704
3900
3600
71
5120
279936
11085765
2880
93
7680
215040
11232
71280
1500
11000
12240
15120
14560
5361
409342369
128000
559
646
23232
42000
31
2200
184320
504
85
48000
163296
322081025
552960
4200
3696
999999998
336000
73
1134
10500
75
165888
981028563
5657
8826131
482421315
209952
41600
5824
8448
3168
813
8250
10
7455307
8
5808
4733
994617
179200
459270
201600
5200
94770
641
214573
109
517759
32
105840
20328
589824
20
2430
18480
16128
6930
1008
84000
29400
3375
16224
64680
23115571
2600
110
8208
31752
98304
8347
81
3360
65
3264
1836
6480
816
33750
986129769
52
8316
1741
57
12544
5000
673921
20480
8772
21
14040
5280
3510
414720
1001
1584
23040
6
14700
2000
56160
34300
6765
6400
50688
16200
3120
108
42336
4788
7128
145800
7920
281250
9489
3
34944
181440
216000
150528
54
82944
12800
93312
33696
216
4560
8624
983900459
33401221
4000
13
625433749
62
19656
200000
391
4800
4725
8424
53940
43200
64152
95256
34560
112896
8660
233280
85050
107520
132000
22176
259200
79
2100
119
13824
35
15840
83160
45
52416
3000
34020
194400
122877509
2560
69120
28672
50400
43680
510205
79200
38
211680
225792
9000
4160
2520
518400
105600
9240
12960
118800
193
207360
71805
5600
5767201
116640
640
47958485
76800
466560
193536
5040
1632
16524
145152
33600
17640
15680
252000
9408
135
476014
248832
288000
8000
46
699840
194241
221184
314928
18000
1848
135000
480000
2304
98
96228
21168
58
2025
15750
653477439
42105
160
30030
4173641
12768
5346
92160
202500
393216
17920
1000000
174960
3312
9425
688978813
136080
4480
32000
42768
468
672
17
27184698
101250
95
105
89
141120
1323
69984
6840
125440
189
961175759
393660
21952
340200
122
67893369
16800
57600
43
6541551
57344
114688
999999999
4032
44550
80
4374
123
2736
17424
48238
5376
39936
3024
1904
77
2268
7390
6552
3645
7
41472
9450
70235461
102
226151256
7776
51030
86
80949857
18
129
84579
1920
13680
67584
949106497
16380
65610
182250
23100
16
35100
56448
241920
4488
21840
5721
139968
70400
42
94500
1
123480
1944
33792
1260
180
8640
103
